2.0
16.0
9.0
16.0
9.0
12.0
5.0
19.0
7.0
56.0
9.0
0.0
0.0
30.0
14.0
0.0
8.0
12.0
0.0
15.0
14.0
64.0
10.0
16.0
15.0
68.0
67.0
4.0
12.0
12.0
16.0
22.0
5.0
1.0
4.0
1.0
10.0
0.0
8.0
14.0
43.0
23.0
1.0
0.0
5.0
11.0
4.0
1.0
21.0
3.0
10.0
6.0
1.0
30.0
7.0
16.0
77.0
14.0
11.0
18.0
7.0
2.0
25.0
5.0
6.0
11.0
14.0
75.0
8.0
9.0
1.0
2.0
23.0
9.0
0.0
13.0
2.0
5.0
8.0
11.0
22.0
2.0
33.0
6.0
12.0
13.0
5.0
12.0
19.0
7.0
1.0
7.0
20.0
7.0
21.0
5.0
8.0
2.0
48.0
12.0
8.0
18.0
5.0
15.0
31.0
13.0
7.0
25.0
12.0
36.0
4.0
13.0
2.0
39.0
0.0
20.0
16.0
5.0
35.0
61.0
3.0
11.0
62.0
17.0
3.0
3.0
6.0
15.0
27.0
6.0
15.0
6.0
15.0
17.0
18.0
9.0
131.0
15.0
1.0
8.0
10.0
27.0
42.0
11.0
14.0
1.0
9.0
5.0
19.0
13.0
10.0
6.0
4.0
1.0
1.0
2.0
11.0
2.0
24.0
13.0
1.0
24.0
7.0
5.0
2.0
10.0
3.0
6.0
10.0
37.0
45.0
22.0
40.0
11.0
3.0
16.0
13.0
10.0
12.0
2.0
19.0
9.0
2.0
1.0
17.0
25.0
43.0
15.0
47.0
6.0
3.0
2.0
4.0
4.0
18.0
8.0
12.0
15.0
10.0
46.0
56.0
3.0
3.0
56.0
21.0
1.0
3.0
2.0
6.0
0.0
0.0
29.0
17.0
38.0
16.0
0.0
1.0
7.0
8.0
5.0
3.0
7.0
10.0
26.0
27.0
9.0
13.0
14.0
2.0
5.0
8.0
20.0
24.0
1.0
1.0
4.0
36.0
6.0
22.0
58.0
2.0
1.0
23.0
7.0
1.0
4.0
13.0
2.0
20.0
23.0
4.0
13.0
64.0
2.0
16.0
1.0
1.0
17.0
14.0
7.0
7.0
37.0
3.0
6.0
4.0
26.0
17.0
1.0
10.0
5.0
3.0
72.0
44.0
8.0
13.0
9.0
17.0
64.0
9.0
1.0
42.0
15.0
1.0
4.0
15.0
46.0
1.0
0.0
3.0
3.0
13.0
35.0
0.0
2.0
2.0
9.0
6.0
24.0
10.0
19.0
6.0
2.0
19.0
20.0
54.0
1.0
8.0
3.0
23.0
9.0
12.0
6.0
25.0
36.0
12.0
55.0
1.0
6.0
10.0
7.0
20.0
2.0
71.0
38.0
25.0
38.0
18.0
3.0
8.0
29.0
15.0
19.0
42.0
7.0
27.0
0.0
2.0
8.0
6.0
26.0
5.0
11.0
33.0
17.0
8.0
15.0
26.0
6.0
55.0
4.0
20.0
4.0
22.0
101.0
25.0
38.0
2.0
17.0
0.0
25.0
42.0
22.0
18.0
96.0
8.0
5.0
96.0
31.0
33.0
25.0
71.0
4.0
16.0
94.0
68.0
16.0
133.0
1.0
62.0
1.0
10.0
11.0
11.0
2.0
3.0
7.0
2.0
35.0
37.0
47.0
5.0
61.0
38.0
6.0
36.0
77.0
26.0
46.0
32.0
7.0
73.0
1.0
56.0
19.0
50.0
10.0
3.0
14.0
54.0
33.0
14.0
2.0
99.0
16.0
53.0
25.0
20.0
61.0
22.0
56.0
33.0
24.0
60.0
57.0
16.0
18.0
17.0
9.0
114.0
9.0
37.0
71.0
54.0
9.0
33.0
9.0
60.0
9.0
71.0
42.0
13.0
7.0
11.0
1.0
46.0
26.0
17.0
0.0
2.0
9.0
21.0
24.0
41.0
4.0
2.0
36.0
60.0
19.0
25.0
9.0
65.0
53.0
18.0
42.0
4.0
78.0
8.0
3.0
1.0
21.0
15.0
30.0
4.0
31.0
19.0
122.0
5.0
11.0
7.0
36.0
7.0
26.0
33.0
231.0
106.0
4.0
15.0
32.0
27.0
23.0
12.0
10.0
65.0
55.0
22.0
22.0
40.0
82.0
5.0
2.0
83.0
7.0
10.0
57.0
42.0
12.0
72.0
64.0
15.0
14.0
25.0
29.0
28.0
89.0
64.0
61.0
19.0
103.0
18.0
24.0
49.0
14.0
10.0
42.0
64.0
68.0
97.0
45.0
12.0
8.0
3.0
39.0
9.0
5.0
7.0
11.0
21.0
39.0
86.0
21.0
7.0
9.0
58.0
20.0
67.0
45.0
29.0
31.0
31.0
6.0
0.0
16.0
3.0
85.0
17.0
37.0
48.0
36.0
20.0
83.0
29.0
81.0
4.0
89.0
8.0
19.0
85.0
62.0
11.0
14.0
34.0
2.0
3.0
31.0
10.0
11.0
13.0
21.0
23.0
38.0
84.0
1.0
20.0
24.0
14.0
0.0
6.0
9.0
13.0
20.0
13.0
45.0
40.0
4.0
6.0
18.0
44.0
21.0
15.0
22.0
23.0
25.0
0.0
17.0
34.0
17.0
90.0
0.0
0.0
29.0
4.0
15.0
14.0
0.0
31.0
23.0
18.0
24.0
23.0
25.0
19.0
6.0
12.0
16.0
0.0
20.0
13.0
23.0
11.0
11.0
38.0
10.0
21.0
14.0
15.0
21.0
24.0
114.0
0.0
10.0
22.0
66.0
1.0
23.0
24.0
28.0
12.0
18.0
1.0
5.0
21.0
72.0
3.0
27.0
32.0
5.0
2.0
6.0
23.0
23.0
2.0
23.0
23.0
8.0
16.0
17.0
17.0
2.0
0.0
33.0
22.0
4.0
7.0
3.0
0.0
22.0
17.0
21.0
25.0
6.0
26.0
22.0
12.0
32.0
19.0
16.0
0.0
27.0
44.0
7.0
8.0
5.0
0.0
13.0
53.0
40.0
30.0
51.0
26.0
1.0
6.0
20.0
7.0
42.0
4.0
68.0
17.0
9.0
27.0
16.0
7.0
19.0
12.0
70.0
13.0
9.0
11.0
3.0
29.0
63.0
17.0
4.0
13.0
11.0
46.0
7.0
35.0
25.0
37.0
12.0
14.0
25.0
13.0
7.0
22.0
4.0
13.0
15.0
24.0
28.0
7.0
16.0
11.0
2.0
1.0
56.0
8.0
56.0
18.0
1.0
1.0
11.0
37.0
12.0
29.0
18.0
9.0
3.0
19.0
9.0
29.0
7.0
12.0
13.0
27.0
13.0
34.0
7.0
13.0
14.0
26.0
14.0
17.0
35.0
36.0
1.0
8.0
17.0
15.0
17.0
33.0
51.0
12.0
17.0
39.0
2.0
8.0
28.0
3.0
12.0
3.0
6.0
22.0
19.0
13.0
17.0
6.0
25.0
6.0
11.0
36.0
0.0
4.0
19.0
15.0
64.0
14.0
19.0
8.0
17.0
31.0
8.0
7.0
9.0
25.0
38.0
8.0
23.0
15.0
36.0
37.0
8.0
14.0
55.0
57.0
5.0
10.0
44.0
78.0
33.0
53.0
14.0
3.0
14.0
42.0
19.0
11.0
12.0
21.0
14.0
26.0
1.0
36.0
12.0
13.0
22.0
5.0
26.0
20.0
29.0
9.0
3.0
3.0
43.0
2.0
3.0
38.0
11.0
4.0
1.0
0.0
9.0
23.0
10.0
4.0
3.0
4.0
7.0
3.0
6.0
6.0
6.0
6.0
5.0
6.0
0.0
10.0
3.0
9.0
5.0
7.0
6.0
7.0
0.0
3.0
8.0
7.0
5.0
8.0
12.0
6.0
0.0
0.0
3.0
3.0
5.0
125.0
65.0
37.0
2.0
12.0
33.0
45.0
33.0
2.0
16.0
77.0
12.0
31.0
11.0
4.0
0.0
8.0
43.0
15.0
34.0
146.0
129.0
0.0
28.0
12.0
105.0
29.0
7.0
44.0
166.0
20.0
74.0
8.0
4.0
51.0
14.0
62.0
24.0
81.0
6.0
36.0
6.0
28.0
16.0
16.0
53.0
64.0
11.0
36.0
3.0
165.0
114.0
37.0
22.0
9.0
19.0
83.0
108.0
54.0
9.0
9.0
64.0
23.0
45.0
102.0
12.0
26.0
32.0
25.0
15.0
114.0
106.0
39.0
31.0
14.0
33.0
20.0
17.0
10.0
53.0
23.0
25.0
103.0
9.0
127.0
46.0
67.0
61.0
41.0
6.0
10.0
5.0
40.0
34.0
29.0
18.0
30.0
153.0
26.0
65.0
3.0
95.0
8.0
76.0
15.0
38.0
3.0
94.0
119.0
13.0
141.0
15.0
7.0
56.0
35.0
31.0
31.0
11.0
98.0
35.0
8.0
148.0
50.0
57.0
57.0
60.0
3.0
8.0
84.0
28.0
79.0
2.0
66.0
78.0
10.0
3.0
78.0
16.0
2.0
25.0
57.0
36.0
4.0
26.0
66.0
47.0
14.0
11.0
27.0
11.0
2.0
64.0
105.0
81.0
10.0
45.0
62.0
7.0
53.0
13.0
64.0
4.0
6.0
164.0
50.0
9.0
21.0
21.0
26.0
1.0
67.0
75.0
48.0
20.0
77.0
2.0
25.0
9.0
62.0
79.0
141.0
14.0
182.0
122.0
59.0
29.0
56.0
105.0
14.0
64.0
204.0
6.0
13.0
13.0
12.0
19.0
49.0
8.0
10.0
23.0
0.0
35.0
22.0
55.0
63.0
122.0
50.0
7.0
108.0
3.0
26.0
140.0
42.0
37.0
69.0
8.0
53.0
46.0
37.0
35.0
28.0
121.0
34.0
0.0
50.0
23.0
48.0
70.0
129.0
116.0
197.0
20.0
97.0
59.0
65.0
31.0
141.0
5.0
10.0
67.0
32.0
28.0
13.0
23.0
8.0
17.0
32.0
13.0
20.0
0.0
146.0
4.0
64.0
101.0
13.0
5.0
16.0
138.0
8.0
44.0
98.0
4.0
65.0
60.0
87.0
18.0
7.0
99.0
26.0
25.0
56.0
27.0
5.0
18.0
35.0
24.0
112.0
114.0
17.0
131.0
1.0
14.0
12.0
44.0
44.0
88.0
65.0
33.0
157.0
155.0
16.0
19.0
31.0
37.0
38.0
109.0
96.0
8.0
3.0
48.0
25.0
14.0
82.0
216.0
3.0
57.0
8.0
7.0
106.0
101.0
0.0
71.0
2.0
75.0
39.0
172.0
25.0
19.0
113.0
42.0
35.0
46.0
10.0
53.0
8.0
70.0
141.0
21.0
1.0
29.0
34.0
83.0
22.0
46.0
124.0
73.0
28.0
1.0
14.0
106.0
42.0
59.0
151.0
8.0
6.0
19.0
92.0
111.0
11.0
39.0
34.0
23.0
7.0
14.0
136.0
11.0
2.0
2.0
5.0
123.0
134.0
54.0
41.0
46.0
37.0
67.0
1.0
5.0
4.0
30.0
12.0
119.0
10.0
125.0
1.0
95.0
83.0
63.0
24.0
56.0
1.0
123.0
35.0
43.0
75.0
40.0
67.0
31.0
59.0
54.0
22.0
65.0
91.0
84.0
86.0
112.0
54.0
47.0
21.0
4.0
24.0
5.0
70.0
30.0
30.0
5.0
106.0
47.0
37.0
103.0
25.0
30.0
19.0
42.0
26.0
23.0
79.0
33.0
25.0
43.0
31.0
20.0
40.0
26.0
63.0
24.0
89.0
76.0
39.0
17.0
1.0
48.0
19.0
135.0
121.0
145.0
41.0
32.0
99.0
127.0
54.0
35.0
67.0
99.0
62.0
122.0
9.0
36.0
90.0
96.0
4.0
73.0
36.0
41.0
32.0
66.0
233.0
2.0
4.0
36.0
19.0
30.0
76.0
83.0
36.0
136.0
2.0
20.0
11.0
41.0
65.0
165.0
9.0
52.0
111.0
36.0
6.0
72.0
41.0
73.0
181.0
189.0
31.0
50.0
84.0
26.0
40.0
3.0
11.0
14.0
0.0
8.0
83.0
45.0
192.0
174.0
36.0
52.0
1.0
1.0
53.0
15.0
43.0
177.0
21.0
11.0
73.0
8.0
49.0
50.0
30.0
36.0
33.0
105.0
20.0
9.0
21.0
59.0
7.0
29.0
110.0
4.0
20.0
24.0
147.0
23.0
13.0
60.0
18.0
33.0
63.0
65.0
28.0
37.0
1.0
219.0
54.0
22.0
14.0
55.0
29.0
55.0
33.0
20.0
27.0
15.0
4.0
8.0
31.0
8.0
35.0
141.0
51.0
89.0
23.0
30.0
33.0
27.0
51.0
4.0
131.0
61.0
32.0
101.0
45.0
7.0
83.0
9.0
25.0
106.0
0.0
123.0
30.0
56.0
70.0
168.0
89.0
53.0
3.0
71.0
4.0
8.0
16.0
83.0
92.0
16.0
48.0
95.0
21.0
46.0
4.0
62.0
134.0
21.0
8.0
124.0
12.0
25.0
25.0
66.0
47.0
28.0
5.0
11.0
28.0
17.0
69.0
27.0
57.0
59.0
7.0
36.0
32.0
130.0
3.0
29.0
33.0
51.0
34.0
68.0
158.0
35.0
13.0
32.0
116.0
5.0
155.0
68.0
40.0
56.0
21.0
11.0
69.0
41.0
104.0
21.0
38.0
34.0
33.0
63.0
81.0
18.0
71.0
78.0
68.0
32.0
54.0
32.0
14.0
42.0
2.0
121.0
37.0
48.0
37.0
170.0
6.0
36.0
159.0
34.0
24.0
150.0
1.0
185.0
0.0
24.0
9.0
111.0
15.0
43.0
19.0
32.0
28.0
47.0
123.0
59.0
42.0
88.0
66.0
19.0
65.0
168.0
35.0
4.0
82.0
0.0
40.0
96.0
210.0
19.0
2.0
52.0
22.0
204.0
87.0
94.0
24.0
31.0
15.0
38.0
76.0
111.0
135.0
10.0
116.0
31.0
11.0
144.0
147.0
89.0
30.0
4.0
116.0
91.0
178.0
71.0
189.0
181.0
70.0
23.0
49.0
116.0
23.0
113.0
127.0
188.0
176.0
99.0
34.0
24.0
36.0
2.0
81.0
21.0
66.0
8.0
78.0
22.0
37.0
33.0
76.0
98.0
33.0
77.0
7.0
13.0
28.0
99.0
68.0
55.0
17.0
49.0
24.0
34.0
20.0
3.0
80.0
73.0
6.0
55.0
34.0
4.0
18.0
81.0
23.0
79.0
145.0
234.0
5.0
126.0
35.0
26.0
121.0
136.0
10.0
31.0
24.0
39.0
24.0
116.0
15.0
35.0
17.0
26.0
60.0
24.0
37.0
122.0
14.0
92.0
34.0
42.0
94.0
123.0
1.0
59.0
49.0
2.0
33.0
29.0
11.0
7.0
18.0
41.0
16.0
6.0
44.0
69.0
24.0
26.0
41.0
184.0
9.0
61.0
14.0
4.0
104.0
3.0
186.0
64.0
59.0
138.0
153.0
18.0
48.0
114.0
55.0
48.0
58.0
50.0
21.0
31.0
31.0
79.0
225.0
7.0
47.0
37.0
48.0
108.0
155.0
78.0
25.0
13.0
36.0
103.0
78.0
25.0
36.0
18.0
201.0
21.0
12.0
12.0
125.0
49.0
114.0
81.0
56.0
1.0
15.0
130.0
27.0
5.0
2.0
120.0
3.0
31.0
24.0
65.0
39.0
35.0
208.0
24.0
46.0
19.0
60.0
22.0
39.0
7.0
4.0
4.0
37.0
21.0
19.0
25.0
66.0
120.0
16.0
29.0
96.0
37.0
9.0
102.0
37.0
130.0
5.0
144.0
56.0
88.0
70.0
4.0
33.0
151.0
244.0
22.0
11.0
24.0
194.0
21.0
31.0
50.0
13.0
112.0
101.0
62.0
43.0
155.0
9.0
23.0
130.0
14.0
29.0
87.0
66.0
26.0
11.0
126.0
57.0
28.0
101.0
200.0
55.0
15.0
15.0
41.0
45.0
190.0
0.0
181.0
24.0
37.0
5.0
164.0
9.0
48.0
118.0
39.0
69.0
100.0
37.0
25.0
35.0
118.0
28.0
41.0
21.0
11.0
1.0
5.0
3.0
72.0
28.0
45.0
16.0
98.0
53.0
48.0
106.0
7.0
30.0
122.0
120.0
14.0
22.0
81.0
49.0
40.0
12.0
27.0
55.0
63.0
34.0
149.0
31.0
52.0
50.0
17.0
31.0
27.0
104.0
10.0
253.0
14.0
5.0
70.0
11.0
82.0
62.0
36.0
8.0
35.0
100.0
78.0
25.0
13.0
129.0
39.0
29.0
10.0
21.0
29.0
9.0
40.0
30.0
38.0
0.0
18.0
46.0
10.0
78.0
189.0
160.0
54.0
122.0
39.0
14.0
55.0
5.0
124.0
133.0
54.0
22.0
150.0
12.0
38.0
94.0
10.0
11.0
49.0
21.0
3.0
188.0
78.0
92.0
222.0
38.0
191.0
28.0
145.0
190.0
119.0
107.0
7.0
11.0
63.0
16.0
122.0
92.0
91.0
7.0
38.0
33.0
119.0
42.0
6.0
186.0
85.0
95.0
19.0
171.0
1.0
34.0
3.0
71.0
175.0
69.0
64.0
6.0
35.0
38.0
8.0
14.0
175.0
56.0
54.0
18.0
198.0
177.0
223.0
152.0
35.0
23.0
86.0
19.0
48.0
14.0
202.0
63.0
62.0
3.0
134.0
53.0
33.0
32.0
59.0
84.0
47.0
49.0
154.0
51.0
170.0
6.0
44.0
83.0
39.0
14.0
8.0
9.0
4.0
17.0
6.0
54.0
18.0
157.0
30.0
49.0
24.0
52.0
29.0
95.0
43.0
105.0
33.0
186.0
52.0
146.0
172.0
7.0
29.0
20.0
172.0
122.0
111.0
151.0
7.0
95.0
173.0
24.0
175.0
122.0
204.0
16.0
36.0
22.0
8.0
105.0
114.0
162.0
72.0
114.0
41.0
75.0
192.0
105.0
47.0
75.0
140.0
185.0
25.0
8.0
32.0
140.0
167.0
12.0
122.0
128.0
194.0
161.0
47.0
16.0
125.0
203.0
0.0
8.0
171.0
17.0
146.0
140.0
29.0
135.0
155.0
197.0
22.0
188.0
33.0
42.0
176.0
6.0
153.0
20.0
37.0
116.0
15.0
5.0
70.0
131.0
183.0
180.0
10.0
3.0
36.0
163.0
134.0
42.0
183.0
159.0
9.0
14.0
135.0
64.0
141.0
187.0
14.0
22.0
157.0
145.0
202.0
168.0
120.0
53.0
111.0
91.0
37.0
10.0
197.0
93.0
158.0
84.0
87.0
73.0
48.0
137.0
177.0
170.0
23.0
220.0
101.0
77.0
42.0
23.0
40.0
89.0
127.0
191.0
85.0
17.0
138.0
159.0
40.0
26.0
38.0
9.0
47.0
23.0
81.0
14.0
30.0
91.0
127.0
8.0
4.0
2.0
108.0
17.0
65.0
192.0
29.0
119.0
7.0
116.0
10.0
2.0
93.0
113.0
16.0
7.0
133.0
185.0
16.0
17.0
147.0
193.0
112.0
167.0
87.0
40.0
13.0
108.0
0.0
109.0
21.0
54.0
174.0
172.0
189.0
48.0
99.0
3.0
13.0
209.0
21.0
21.0
35.0
97.0
53.0
139.0
102.0
26.0
57.0
132.0
12.0
204.0
4.0
194.0
40.0
45.0
115.0
128.0
41.0
50.0
6.0
31.0
206.0
4.0
35.0
70.0
221.0
28.0
69.0
36.0
123.0
12.0
43.0
200.0
118.0
39.0
58.0
199.0
6.0
94.0
121.0
17.0
18.0
108.0
8.0
9.0
156.0
89.0
9.0
6.0
154.0
48.0
54.0
19.0
128.0
13.0
6.0
74.0
10.0
233.0
82.0
129.0
0.0
14.0
179.0
28.0
90.0
34.0
184.0
153.0
15.0
173.0
128.0
58.0
8.0
153.0
160.0
55.0
54.0
23.0
67.0
20.0
159.0
183.0
16.0
141.0
53.0
121.0
22.0
33.0
37.0
16.0
154.0
121.0
9.0
122.0
28.0
65.0
15.0
112.0
140.0
155.0
198.0
22.0
50.0
15.0
84.0
18.0
72.0
9.0
35.0
36.0
121.0
15.0
6.0
45.0
182.0
196.0
78.0
179.0
124.0
165.0
123.0
47.0
189.0
102.0
159.0
138.0
33.0
149.0
34.0
108.0
181.0
197.0
25.0
27.0
78.0
120.0
51.0
35.0
290.0
150.0
17.0
27.0
109.0
167.0
85.0
176.0
29.0
171.0
12.0
5.0
146.0
11.0
44.0
24.0
166.0
64.0
54.0
35.0
49.0
78.0
196.0
157.0
35.0
104.0
11.0
167.0
5.0
178.0
93.0
49.0
35.0
2.0
175.0
1.0
23.0
187.0
56.0
138.0
49.0
5.0
27.0
48.0
71.0
91.0
31.0
94.0
178.0
68.0
34.0
107.0
76.0
18.0
20.0
14.0
16.0
169.0
19.0
35.0
88.0
152.0
177.0
206.0
31.0
30.0
16.0
182.0
40.0
36.0
69.0
116.0
108.0
80.0
7.0
4.0
164.0
10.0
35.0
17.0
24.0
190.0
85.0
145.0
4.0
27.0
146.0
90.0
26.0
93.0
4.0
67.0
9.0
33.0
3.0
2.0
22.0
15.0
69.0
160.0
48.0
32.0
45.0
11.0
108.0
9.0
13.0
15.0
15.0
7.0
0.0
98.0
45.0
168.0
123.0
95.0
125.0
201.0
59.0
10.0
129.0
176.0
134.0
0.0
131.0
76.0
48.0
25.0
96.0
35.0
112.0
92.0
45.0
26.0
2.0
159.0
2.0
125.0
136.0
17.0
8.0
38.0
107.0
14.0
120.0
177.0
5.0
38.0
144.0
21.0
24.0
93.0
92.0
180.0
75.0
42.0
15.0
150.0
4.0
123.0
200.0
97.0
133.0
137.0
139.0
104.0
14.0
8.0
12.0
87.0
5.0
47.0
34.0
164.0
140.0
13.0
16.0
12.0
34.0
190.0
3.0
6.0
35.0
28.0
22.0
105.0
98.0
17.0
10.0
62.0
94.0
55.0
139.0
30.0
1.0
195.0
293.0
29.0
8.0
143.0
53.0
7.0
160.0
161.0
157.0
111.0
172.0
92.0
134.0
130.0
30.0
21.0
164.0
200.0
154.0
13.0
109.0
187.0
3.0
25.0
115.0
10.0
0.0
20.0
29.0
18.0
151.0
102.0
140.0
44.0
19.0
163.0
115.0
5.0
23.0
100.0
45.0
14.0
39.0
186.0
18.0
90.0
78.0
196.0
95.0
124.0
184.0
93.0
2.0
0.0
104.0
163.0
13.0
181.0
189.0
197.0
67.0
195.0
16.0
74.0
194.0
98.0
48.0
50.0
206.0
27.0
30.0
16.0
184.0
99.0
113.0
22.0
163.0
54.0
5.0
20.0
129.0
187.0
185.0
33.0
40.0
27.0
126.0
172.0
115.0
6.0
40.0
4.0
19.0
37.0
34.0
165.0
36.0
55.0
18.0
126.0
99.0
26.0
53.0
134.0
47.0
47.0
121.0
17.0
6.0
48.0
71.0
150.0
167.0
15.0
51.0
35.0
57.0
37.0
98.0
36.0
25.0
82.0
49.0
60.0
19.0
33.0
96.0
18.0
5.0
36.0
28.0
69.0
37.0
82.0
14.0
8.0
92.0
52.0
44.0
15.0
77.0
27.0
11.0
23.0
20.0
10.0
66.0
30.0
2.0
4.0
17.0
92.0
10.0
18.0
15.0
68.0
12.0
14.0
25.0
23.0
17.0
1.0
26.0
66.0
14.0
33.0
11.0
12.0
30.0
43.0
30.0
2.0
31.0
94.0
53.0
36.0
99.0
48.0
5.0
2.0
11.0
69.0
7.0
16.0
12.0
37.0
62.0
88.0
28.0
7.0
23.0
25.0
18.0
4.0
20.0
82.0
30.0
1.0
56.0
115.0
50.0
12.0
32.0
14.0
12.0
74.0
52.0
84.0
34.0
6.0
51.0
121.0
88.0
44.0
82.0
45.0
21.0
10.0
27.0
20.0
62.0
24.0
46.0
12.0
5.0
27.0
11.0
40.0
13.0
33.0
56.0
5.0
26.0
5.0
82.0
94.0
18.0
58.0
65.0
97.0
32.0
27.0
43.0
101.0
48.0
1.0
18.0
8.0
11.0
2.0
98.0
18.0
23.0
59.0
26.0
2.0
7.0
81.0
9.0
9.0
21.0
8.0
7.0
49.0
21.0
2.0
18.0
57.0
6.0
24.0
26.0
1.0
56.0
10.0
4.0
15.0
23.0
14.0
12.0
13.0
37.0
5.0
19.0
9.0
74.0
77.0
27.0
21.0
17.0
29.0
81.0
8.0
43.0
30.0
13.0
3.0
136.0
32.0
30.0
0.0
28.0
28.0
25.0
26.0
11.0
20.0
80.0
32.0
21.0
10.0
61.0
35.0
3.0
17.0
1.0
16.0
19.0
2.0
10.0
70.0
103.0
74.0
38.0
77.0
79.0
20.0
69.0
21.0
41.0
75.0
72.0
46.0
51.0
13.0
103.0
10.0
15.0
65.0
44.0
9.0
14.0
5.0
3.0
9.0
39.0
14.0
18.0
87.0
21.0
28.0
7.0
60.0
8.0
49.0
53.0
7.0
5.0
10.0
76.0
6.0
7.0
71.0
73.0
91.0
31.0
26.0
76.0
82.0
68.0
60.0
74.0
40.0
90.0
86.0
17.0
19.0
69.0
73.0
39.0
2.0
15.0
39.0
78.0
9.0
91.0
85.0
47.0
7.0
52.0
39.0
13.0
19.0
11.0
59.0
62.0
19.0
68.0
63.0
10.0
9.0
81.0
105.0
53.0
58.0
16.0
20.0
19.0
47.0
101.0
2.0
33.0
12.0
43.0
95.0
13.0
41.0
16.0
91.0
10.0
18.0
3.0
17.0
16.0
106.0
21.0
12.0
70.0
43.0
3.0
16.0
72.0
58.0
2.0
40.0
32.0
24.0
17.0
4.0
22.0
14.0
16.0
23.0
59.0
99.0
26.0
62.0
57.0
12.0
60.0
71.0
55.0
64.0
14.0
38.0
13.0
2.0
29.0
90.0
34.0
71.0
3.0
52.0
42.0
1.0
23.0
15.0
18.0
31.0
41.0
10.0
23.0
42.0
9.0
28.0
69.0
29.0
69.0
36.0
49.0
79.0
34.0
13.0
53.0
95.0
65.0
11.0
51.0
7.0
0.0
21.0
87.0
42.0
89.0
37.0
2.0
87.0
21.0
50.0
26.0
19.0
16.0
5.0
7.0
36.0
49.0
14.0
75.0
15.0
100.0
49.0
9.0
82.0
5.0
77.0
16.0
14.0
4.0
77.0
13.0
31.0
10.0
63.0
52.0
13.0
12.0
15.0
15.0
61.0
0.0
45.0
61.0
5.0
22.0
85.0
54.0
98.0
38.0
27.0
24.0
115.0
9.0
75.0
51.0
36.0
50.0
9.0
51.0
107.0
5.0
10.0
15.0
6.0
14.0
75.0
40.0
64.0
9.0
33.0
121.0
48.0
19.0
82.0
11.0
61.0
50.0
62.0
17.0
16.0
51.0
11.0
67.0
45.0
60.0
102.0
62.0
43.0
68.0
70.0
3.0
8.0
32.0
29.0
1.0
7.0
5.0
9.0
34.0
12.0
7.0
83.0
9.0
1.0
34.0
61.0
48.0
18.0
20.0
70.0
10.0
55.0
3.0
15.0
68.0
60.0
4.0
29.0
65.0
88.0
13.0
84.0
10.0
90.0
11.0
12.0
14.0
51.0
6.0
29.0
5.0
56.0
22.0
9.0
6.0
37.0
16.0
47.0
60.0
24.0
18.0
71.0
17.0
73.0
5.0
26.0
40.0
24.0
67.0
7.0
7.0
67.0
0.0
60.0
79.0
22.0
33.0
50.0
18.0
11.0
39.0
15.0
26.0
16.0
71.0
39.0
7.0
85.0
21.0
10.0
91.0
10.0
30.0
46.0
14.0
50.0
40.0
14.0
23.0
13.0
24.0
34.0
35.0
62.0
24.0
6.0
5.0
8.0
38.0
53.0
25.0
14.0
22.0
54.0
27.0
78.0
4.0
35.0
13.0
0.0
27.0
104.0
62.0
32.0
7.0
20.0
27.0
40.0
61.0
65.0
18.0
14.0
26.0
13.0
13.0
13.0
65.0
30.0
13.0
33.0
8.0
85.0
50.0
11.0
31.0
62.0
41.0
46.0
30.0
27.0
53.0
23.0
57.0
30.0
47.0
7.0
71.0
1.0
8.0
5.0
4.0
43.0
25.0
62.0
28.0
19.0
70.0
18.0
24.0
106.0
11.0
1.0
15.0
69.0
26.0
22.0
47.0
47.0
18.0
4.0
118.0
11.0
59.0
22.0
45.0
40.0
62.0
44.0
59.0
17.0
39.0
66.0
35.0
34.0
4.0
21.0
18.0
8.0
17.0
4.0
10.0
16.0
31.0
15.0
13.0
38.0
6.0
19.0
25.0
112.0
68.0
7.0
6.0
86.0
18.0
15.0
49.0
17.0
18.0
92.0
35.0
61.0
6.0
8.0
64.0
6.0
23.0
8.0
72.0
15.0
30.0
67.0
13.0
75.0
64.0
34.0
75.0
83.0
11.0
81.0
83.0
12.0
61.0
8.0
53.0
19.0
14.0
10.0
17.0
73.0
13.0
74.0
130.0
48.0
45.0
61.0
10.0
8.0
42.0
5.0
14.0
6.0
16.0
15.0
2.0
7.0
30.0
59.0
24.0
20.0
53.0
16.0
16.0
48.0
52.0
51.0
96.0
9.0
6.0
24.0
52.0
16.0
18.0
30.0
37.0
75.0
114.0
7.0
36.0
34.0
7.0
14.0
51.0
17.0
12.0
69.0
1.0
1.0
15.0
15.0
61.0
44.0
2.0
17.0
28.0
52.0
88.0
9.0
62.0
22.0
19.0
39.0
15.0
6.0
9.0
112.0
8.0
7.0
4.0
20.0
22.0
5.0
64.0
106.0
48.0
6.0
0.0
23.0
8.0
25.0
5.0
44.0
21.0
4.0
6.0
10.0
5.0
46.0
44.0
17.0
0.0
15.0
0.0
13.0
37.0
50.0
5.0
19.0
14.0
27.0
7.0
19.0
23.0
30.0
15.0
25.0
2.0
28.0
27.0
15.0
24.0
14.0
16.0
17.0
31.0
14.0
5.0
16.0
14.0
24.0
13.0
12.0
12.0
14.0
18.0
29.0
9.0
46.0
4.0
14.0
22.0
8.0
18.0
3.0
55.0
18.0
23.0
17.0
20.0
19.0
49.0
7.0
12.0
7.0
24.0
47.0
8.0
23.0
21.0
19.0
21.0
12.0
5.0
40.0
10.0
13.0
16.0
32.0
16.0
9.0
57.0
8.0
13.0
15.0
35.0
29.0
22.0
35.0
34.0
7.0
8.0
14.0
14.0
22.0
18.0
10.0
3.0
19.0
9.0
33.0
11.0
32.0
9.0
4.0
82.0
15.0
12.0
7.0
14.0
18.0
8.0
6.0
32.0
20.0
19.0
12.0
30.0
37.0
26.0
2.0
13.0
14.0
16.0
16.0
3.0
8.0
13.0
34.0
25.0
0.0
16.0
7.0
21.0
14.0
2.0
41.0
51.0
23.0
15.0
8.0
11.0
2.0
9.0
48.0
7.0
43.0
16.0
3.0
1.0
26.0
18.0
12.0
46.0
11.0
13.0
85.0
2.0
10.0
32.0
6.0
20.0
16.0
8.0
75.0
38.0
4.0
7.0
18.0
26.0
14.0
56.0
18.0
14.0
9.0
19.0
11.0
32.0
19.0
3.0
15.0
10.0
11.0
18.0
13.0
36.0
7.0
18.0
22.0
36.0
12.0
9.0
5.0
64.0
21.0
26.0
24.0
4.0
10.0
11.0
41.0
9.0
22.0
23.0
12.0
17.0
16.0
7.0
20.0
14.0
0.0
31.0
6.0
3.0
11.0
14.0
21.0
12.0
15.0
9.0
5.0
5.0
16.0
13.0
9.0
5.0
8.0
22.0
10.0
6.0
21.0
8.0
46.0
3.0
37.0
13.0
4.0
49.0
4.0
12.0
42.0
9.0
8.0
16.0
66.0
14.0
3.0
32.0
1.0
2.0
25.0
2.0
37.0
28.0
4.0
14.0
14.0
20.0
17.0
2.0
6.0
14.0
37.0
14.0
1.0
37.0
24.0
23.0
14.0
0.0
25.0
28.0
7.0
25.0
25.0
13.0
6.0
2.0
26.0
22.0
9.0
29.0
32.0
7.0
5.0
18.0
14.0
5.0
27.0
0.0
27.0
39.0
1.0
2.0
48.0
15.0
11.0
38.0
29.0
14.0
26.0
17.0
4.0
18.0
2.0
5.0
1.0
21.0
0.0
5.0
28.0
5.0
18.0
24.0
7.0
7.0
60.0
16.0
43.0
18.0
16.0
20.0
16.0
11.0
28.0
3.0
9.0
9.0
22.0
12.0
9.0
6.0
7.0
13.0
17.0
8.0
18.0
9.0
12.0
18.0
15.0
3.0
31.0
12.0
11.0
18.0
20.0
4.0
11.0
7.0
44.0
20.0
14.0
48.0
34.0
4.0
10.0
42.0
0.0
13.0
48.0
2.0
15.0
20.0
48.0
4.0
5.0
1.0
1.0
15.0
34.0
2.0
6.0
6.0
7.0
14.0
2.0
11.0
13.0
12.0
0.0
25.0
29.0
13.0
49.0
26.0
31.0
7.0
27.0
36.0
107.0
24.0
11.0
31.0
6.0
25.0
21.0
16.0
60.0
4.0
11.0
32.0
40.0
7.0
4.0
19.0
1.0
12.0
5.0
4.0
19.0
58.0
21.0
0.0
1.0
14.0
0.0
10.0
31.0
5.0
36.0
15.0
18.0
10.0
6.0
3.0
18.0
25.0
17.0
31.0
25.0
7.0
13.0
37.0
13.0
1.0
8.0
54.0
9.0
1.0
9.0
17.0
3.0
14.0
33.0
1.0
28.0
4.0
9.0
14.0
4.0
23.0
12.0
5.0
8.0
12.0
20.0
3.0
15.0
6.0
33.0
7.0
41.0
17.0
6.0
7.0
43.0
25.0
6.0
21.0
3.0
6.0
14.0
17.0
7.0
21.0
6.0
14.0
30.0
11.0
15.0
29.0
1.0
6.0
40.0
4.0
42.0
23.0
2.0
14.0
46.0
21.0
7.0
21.0
9.0
0.0
5.0
13.0
82.0
3.0
10.0
6.0
1.0
24.0
12.0
33.0
3.0
31.0
58.0
11.0
15.0
34.0
3.0
3.0
3.0
2.0
23.0
17.0
8.0
1.0
16.0
6.0
38.0
5.0
14.0
3.0
46.0
15.0
45.0
24.0
5.0
46.0
17.0
7.0
0.0
14.0
14.0
5.0
3.0
11.0
0.0
7.0
13.0
1.0
0.0
5.0
8.0
1.0
6.0
5.0
3.0
2.0
2.0
5.0
10.0
8.0
3.0
10.0
13.0
3.0
8.0
1.0
6.0
4.0
9.0
2.0
1.0
3.0
0.0
9.0
0.0
3.0
1.0
5.0
11.0
0.0
3.0
8.0
6.0
7.0
7.0
10.0
0.0
17.0
0.0
3.0
8.0
6.0
1.0
1.0
18.0
10.0
1.0
2.0
1.0
0.0
1.0
3.0
8.0
