294.20859695757116
291.1578678731731
254.0673577806666
245.09933954073452
235.1419961032222
234.12812937689205
234.08236210162775
232.11754840020512
226.19029543234
224.5253911602045
223.8491322791337
222.0477208072523
220.99684111333062
220.18023422925546
217.17432815996148
211.38146783299433
210.01307608956515
209.27747030908964
207.25905405350096
207.18757108563574
206.96554615785482
205.5903368688826
205.14302267086137
204.9943470842536
205.0600280923264
204.08453903350042
203.16360744273564
203.03643811845834
202.22930311129198
202.0815753563796
201.23621290734127
201.27152337169383
201.00825119065763
201.15822761298475
200.1018285783908
199.2252928291147
199.14587021215522
198.68381490407742
198.27408902857044
198.22230529626876
198.14985003890584
198.01799959896871
197.32507173531647
197.12429788749353
196.60803170790928
196.41833360459339
196.09161344807794
195.3723293279586
194.99023320203648
195.1903126306623
195.16642935668182
194.20355621661187
193.49176198697737
193.19077235056162
193.33477441541478
192.28999635996996
192.20217668211586
191.65544336203027
191.36340042003152
191.45236960504408
191.05626880247084
189.36501196260681
189.08083077378322
189.20806796006704
189.9163029026648
190.10903385433008
190.4663398995205
190.44871871196355
190.2892320731773
190.23027540050046
188.44734541911873
188.2350341473484
188.09244316103928
188.10856659697356
187.46564833573362
187.14748135005664
187.27305365355872
187.21779063044931
186.0446784204099
186.52473197366788
186.45720726378326
186.61944451389147
185.54213772916572
185.02034989182013
185.32813371390924
185.16978938130498
182.04176724681935
184.45031911946444
184.06526918238265
184.15652891865665
183.91316801776114
183.54502376561103
183.13613971131988
182.53702377053503
182.6192211038189
182.3104254437942
182.34376095562888
181.32064980386363
181.44484552548394
178.6734379807198
179.18545882580716
180.3442717264137
180.18719250218808
179.6711591456594
179.9013323139463
177.5773503479007
177.62510048436724
177.95708244195524
178.22492419322398
178.37048537483471
178.3380263240873
175.69283355413435
176.0144095962424
176.15337489372973
176.99367879404682
177.2185425426402
177.9131047054361
175.32530362344212
175.02976906708037
174.3680698226335
173.76697293194795
173.45021105057126
173.35925421168358
173.3619203507372
172.8836020117604
172.74759629971135
172.78878740736764
172.4599796944394
172.11063905046893
171.42994754176163
171.62334902444232
170.72575600581067
171.13444001106168
170.0853328100263
169.48493670467502
169.709264258124
169.11804490121068
168.98999183671967
168.79954227182603
168.61401479865913
168.46670712025247
167.61559150064744
167.56829711461216
167.27497304933974
165.8371976198744
166.818570586316
166.12093383424119
166.22417959378072
166.48651313277858
166.49559178110945
164.95706477882106
165.16702570139577
165.79390468162623
164.57475046951862
164.3772870489188
164.13304989242127
163.98045836450166
163.22095175455692
163.44413459275768
162.29819899951482
162.05457227696974
159.96333596780133
161.32869768498213
161.303864988809
161.09395878533465
160.70103424616502
160.9277111665229
160.91922862745693
160.3542163027048
159.81711170303655
159.88403299040644
159.12300550119906
157.447273452647
157.33982269742052
156.95931216674146
158.65785927424173
158.7606355566071
157.88622097869973
158.3998880432531
158.46215794769196
153.71588060284415
153.73230796752276
156.53775242285212
156.14835803562784
156.27592157086914
155.8165060657108
156.38583456650832
155.47059920108507
154.96836867862345
154.41126864053956
154.50063843801647
154.6251874966803
154.58767764700957
153.03081986436803
153.1051498131613
152.29046965936627
152.5146404172628
150.87258502694326
152.05915445880456
151.37697925500976
151.47054874684332
149.8415561179595
150.3257269348467
150.23979004823394
150.5702837371367
150.85301224500475
147.67032372570603
148.2225445088668
148.119424237695
149.3458551838684
149.37286689194877
146.2678981140005
146.30391647996228
146.5759870043259
147.15800829431447
147.24172579351028
147.30514603788194
147.28674213536604
146.51050905280107
146.19601001744002
144.94692278368268
145.0031167028255
145.4429884388833
144.0896186559015
143.22123182502781
143.44374814341907
143.4583799912384
142.97636617119733
142.57890642693403
141.36346901267845
141.6340307963519
142.32334281767248
142.11038260720198
142.04144253271213
140.84013263200552
140.91322552029914
140.3718524860659
140.4811597639843
140.0746010701392
139.79104837661396
139.48642883787426
139.33585861500828
139.30990425088575
139.2390789549071
138.78242445860045
138.5224266804993
138.30063292861178
138.19648260091157
136.70713971401432
137.13025231803695
137.47322160339263
137.70443823933942
137.7337017283269
136.71463933140964
136.09393062326382
135.78880012040727
135.80612719665763
135.68648094114866
135.65565494806964
135.39368647515894
135.07526893754724
135.13369963782802
134.83545219396058
134.19033794058797
134.4998282358772
134.5536401319624
134.09591038509333
133.41189047653492
133.09778491895528
133.5678582296821
132.62077741497973
132.52158536244718
132.33828998399437
132.10362434589823
131.8504261773372
131.74639053603175
129.7033323385034
131.3960418770078
131.227167642367
131.1687846028663
130.7786442496401
130.85252703072052
129.97521776310944
130.08399226661732
130.21906710584332
130.33479369165866
130.3646477716267
129.0212781724307
129.86601958939002
128.45830210057048
129.0345165635332
128.72824072247667
128.79063996541848
127.83230038532491
127.76448095728293
127.63110327818676
127.32352141646312
127.15407255350924
126.96526016433451
126.65438720939396
126.49255324793215
126.55074832428774
126.20663722334349
126.12806308890869
125.88429888345756
125.72215032120754
125.55408573264299
125.49249653245943
125.41394099750376
125.19469477140218
125.0227520318625
124.81921321078154
124.58458178636225
124.47887648780689
124.22782448003736
124.34947492589015
118.14725342876407
118.37258057557435
119.13360742933703
124.13053460233462
123.29488415862504
123.30995352724824
123.37606685211618
123.92129448726973
123.6854792574648
123.79109564351022
123.82878230784608
119.00502233181224
122.86572122374423
122.62911671109033
119.42472028439082
120.57710012850562
119.63645004339081
120.16745393232532
120.05189846041743
119.81874372793662
119.77663296360637
122.93913698984076
122.78108726890743
122.29914791306592
121.55477534743096
120.803112907064
121.39824048135475
120.9044912371731
121.06141540163837
122.44076597766511
122.35202714784845
121.89626040483094
122.00605121011819
121.14256196492904
121.32654048018921
120.28682196547537
120.99007368244294
122.34100798165163
122.41477472529277
121.81435986938179
121.87670722695188
117.32691366519941
117.45541589070066
117.89023187294633
117.13563203261391
116.73437113600149
116.6633476007534
116.4977615109244
116.40675604616382
116.33435419075617
115.91825471311252
115.66927579948502
115.72950726582808
116.17838441294117
116.26200336026292
116.26310373527534
115.00082023479776
115.09400660957289
115.6642275369885
115.35461143687296
115.39263995633051
115.43653539830714
114.78261622886113
114.26484641617854
114.51065739323982
114.4287373212629
113.82804917601563
113.62865281982232
112.61923160844901
112.99649387200171
113.64176342014868
113.36490868901525
113.41304356939348
113.25732184695586
112.26311781356512
112.38616136482524
113.22825397099852
112.17139796690148
111.69022805889846
111.53900954846237
110.24188380423661
110.25483585719341
111.30366111414145
110.84008216236117
111.04233736160164
111.03561332406836
110.88985620091626
110.88833114204671
109.66803867614804
109.57048416817007
109.29625497302288
109.07215499775108
108.90860122851862
108.89444220551418
108.66572559045836
108.50020189715806
108.4201491591423
108.22985671916442
108.27897378991034
108.16025251598748
107.96955762697398
107.74826262135177
107.16377778734501
107.66710619500776
107.36311343702472
107.56849989375873
107.49568422425874
107.48661606766008
106.16726996113418
106.35885172328365
106.42803397805616
107.0421722403111
106.98895481133397
106.95894988807554
106.68829758644584
106.8204869834417
106.7959351052898
105.45745367104664
105.60215718655184
105.29430472150152
105.56444143261525
106.2919674966489
104.94234989756089
103.58572180261913
103.58326589200102
103.78395463486659
103.75675990207769
103.90860896738424
104.78820606083117
104.65278981222673
104.73050442995331
104.48515961050859
104.42246753669866
104.3832622575201
104.39993212741935
103.3505671896805
102.8445437903193
102.64445433114355
102.60895039707542
102.39181780474378
102.45076006330969
102.4586060401397
102.22325882990596
102.02900557465881
101.90227129067753
101.8042349566516
97.14772521690541
97.26885450025803
97.4685001903555
101.61722341753723
101.12222416385316
101.16089929699845
101.3063419601791
101.40209401138078
101.59615972315093
100.73606019416829
100.68522200017124
100.50360267535989
100.21449846665
98.09983797945274
97.80989612765855
98.35838903967452
100.56908409763935
100.18223511124019
97.82393589678682
97.98260815683997
98.68169159725035
98.15260959057638
98.17696641892611
98.49145791381602
99.06086683035022
98.91069799616864
98.80028946906836
99.51043329027401
99.22748417040619
99.28087950882428
99.71303471666906
99.70562107572668
99.40060730989627
99.63897952545075
100.63361868765647
98.72790386086396
99.54970441978521
97.10606139899689
97.25579655679495
96.61867506965255
96.88784528508148
96.84055135073278
96.72499626604193
96.78173035177103
96.5201025474356
96.26286386312648
95.45480245245
95.53278657505206
96.06537150312025
95.67267847813488
95.84106323514058
95.89441422213474
95.39875018166597
94.85757717389023
95.03641160172714
95.11503491693755
95.10446375141044
95.10245044690897
93.91607947636315
94.09130102352417
94.26705576291042
94.38363188371837
94.54879725040917
94.61959165394165
94.64728421263963
93.56768512848123
93.5870217963496
92.95760223004034
93.38413717498558
93.35158949869827
93.24028028415998
93.19463788369667
92.78003476146225
92.70749233906301
92.57811912921993
92.48477603656856
92.43854846486079
92.31933385124393
92.42729403490273
92.03896757591689
91.74947472758707
91.67056286074522
91.6536160876003
91.70232994270357
91.8893078235519
91.9243802074458
91.92860415199085
91.28303480307095
90.92712162765642
91.03460251217994
90.68529687543284
90.62627172169567
89.99489676596038
90.14049608773942
90.78450924820095
90.28865946010404
90.40669728647941
90.6539980391682
90.37391593129598
89.36239586639077
89.5042642495441
90.11245872958006
89.68335098820566
89.7896451366391
89.83148080352068
89.84153163932353
89.60535620517621
89.6580289678166
89.00550886673003
88.21118844256706
88.21034394860676
88.44581177582643
88.90528570868268
88.82424528873918
88.7606536905038
88.53306782606211
88.53863285896418
87.68223353593575
87.26889913362385
87.37749733309666
87.60411680865529
87.60440258944155
87.05017388274275
87.06030670447952
87.07090073422935
86.90822861128932
86.8710691809821
86.3253598739339
86.52879744960966
86.6904483291402
86.62518592540482
83.19680737857506
83.2147001141664
86.66687187603843
85.58347265911345
85.68740809698163
85.27713004164158
85.24669030633996
85.02413092545662
86.16823080138371
86.06787725084213
85.98432819212339
86.12366677038905
85.99501453411501
84.81167822654614
83.99834720057669
84.16701317430574
83.38689756847144
83.46404403657424
83.60773390046243
83.67330644246736
83.69963053576083
83.2548894053037
83.35456122782915
83.26028710089318
85.10203265047721
84.98918435513595
83.891084501365
84.65356378502419
84.66734687118098
84.71041795490491
84.27109490949309
84.29694643766604
84.37323112361902
83.60007591788813
84.06201766113564
84.31197379694248
83.0578028024182
82.65081571357027
82.8723353256811
82.36675610952747
82.5193659674361
82.53910108614362
82.61187937362071
82.08114482324503
82.01965551159557
81.93754977669093
82.38769303164644
82.40693520581267
81.36078132405345
81.5236576655052
81.48446481279407
81.7416254766491
81.83616500648773
81.83260463479434
80.30893020303088
80.41731022366248
80.49740843996494
81.0964142570152
81.28856196148689
80.84030981773779
80.71957590552331
80.7372666245997
81.18198939579527
81.48134818783278
80.02660412850597
79.8630552754201
79.68078383861253
79.63618774314597
79.4974532974161
79.39804956629725
79.35543285534358
79.20251965783478
79.15365393960916
79.06702965776313
78.94434184530604
79.11458288938647
78.88140820351398
78.87987969624682
78.71001878048796
78.7437203187552
78.75369383241257
78.39319882375989
78.38255651425382
77.3725784018862
77.423397921861
77.49281146672709
77.47509366129295
77.66294382360407
77.7355333428741
77.80535758866088
77.95808055637956
78.01470976972472
78.31129100312525
78.38761912110171
78.1739536441662
78.18124715179664
78.25467577428414
78.23320757907962
77.04317340037936
76.91459613100203
76.79369544918383
72.26089159647609
72.44674487154886
72.53646060070501
72.6252631420861
76.58246659718394
76.17306570064571
76.50115814789031
76.48564533771841
76.42913979644288
76.21056282955905
76.32987026762179
76.37035665044787
72.65947353095788
72.83445795724843
74.0879727205911
74.18452156421432
73.06235021230265
74.398487953565
73.81470730908501
73.65753086721612
75.63665451735105
75.80873506922782
75.39043302063185
75.10537551880302
75.50588520843968
75.84804205326466
75.84342031856227
73.2888021006515
73.20304106255293
75.17947823728363
74.97987754674548
74.89218545433576
74.74756001913097
74.50751674719389
73.54592244564432
73.42734837287335
73.88525650674092
74.64067400033541
72.70289146363858
73.02375926116369
76.36204041769794
72.70664852797145
73.14515403436812
73.44441073007475
75.5110584513419
74.5540610687354
75.36454255887965
74.93248669630871
75.19475304577148
74.52731214982826
76.20788770910809
73.69635946921069
73.33570571394712
72.13755171801172
72.2042918743003
72.25432108565265
72.26240993129805
71.80411975708252
71.9985999371259
71.56972728953612
71.49109644027544
71.4718879609191
71.45254693236552
71.24636137609842
71.2838225069903
71.32897437103011
71.31629937981285
71.12032225596687
71.01077693733784
70.90204447765937
71.22265353157458
70.40460703480773
70.77518635775903
70.52634471390125
70.57981129909103
70.64538117557147
70.72650029443133
70.69751463840103
70.73825653397775
70.46634854857764
69.74964254710308
69.84337818890454
69.89833256168218
69.97443940193943
70.23354332928469
70.29003069853377
70.28350425084378
70.09134899134727
70.13114372358518
70.12471802749175
69.51918823227996
69.48496399388878
69.40924662299099
69.40148300975538
69.3586070753467
69.31131072179156
69.20502372910106
69.16059306775523
69.06145834685496
69.02065836335534
68.9494396476689
68.89311943624291
65.23411061270272
65.28473387973722
65.33807192444024
65.39751237670411
65.40896262793287
65.48139505843118
68.75563147068564
68.81852069251566
68.64434328276887
69.18323058910082
68.55863050278828
65.57574873701081
68.37685145801866
68.36077345940046
65.84731581127404
65.9749067342069
66.10335211171952
66.02993867712615
66.20197629386163
65.79656293706739
67.76132185028631
67.81233746365075
66.31662173974999
68.05146808095942
67.9109949164339
68.08188190202878
67.1600825453102
67.12257277176286
67.41143605007791
67.46987556635014
67.0069068292533
67.32437031129012
66.9284085427427
67.51133378879939
68.25042589093079
65.75191995600449
66.38160724975408
68.20003248917665
65.66335228481367
67.92898585111143
66.87132649002213
66.34160169628093
66.52825766287866
66.57990793465414
66.64780981605146
66.72449406760379
65.64513010143679
67.50803121477418
67.31698899005524
65.69823471789788
65.63798825303127
66.45568806056541
68.23821127713607
68.12762292010399
68.16898693669364
66.73505865627749
68.21451851500258
66.81922555698787
67.94931735837831
65.69086617231012
66.6078266533568
59.81296759427837
59.82964845260322
59.937472394097504
60.07045759954989
64.8021558562326
64.95435771925953
65.03268024211737
65.05172092430021
60.212688612637464
65.29932051065262
65.11008236189802
64.94941590702705
64.73025625270252
64.76120837260073
64.77626242200238
64.60839548682507
64.62842230221013
60.25482372482121
60.31225785540261
60.35996389625807
60.46622765727768
64.53581237430761
64.38128378188352
64.24492028526907
60.50954356408212
60.63630750966489
60.67799487710455
60.59259830684668
60.78437281619145
64.06898286821993
64.05124900437437
64.00379195764971
64.17970504663617
63.95951866004341
63.92312379637194
60.496746592677255
60.91723818913248
60.976937176530384
61.000839016063985
63.84099031668009
63.83771987664275
61.21116266291826
61.10540362614083
60.574989515009996
60.89002915533186
64.2011617653945
61.46112196893008
61.48591019087456
63.688813097746944
63.166712648749446
63.25344640823715
63.351238869745096
63.33510964749733
63.00379860769573
63.5248524975992
65.23420823086684
61.53530032680237
63.505090059847504
62.91963747933221
62.552022123780475
62.426643953822236
62.350286246528704
62.37691417181932
63.45816790711367
63.44386466261958
61.87508482235612
61.66575995183765
61.68909453712534
61.80456516715544
61.95372378612248
62.03397263545021
62.064910049866704
62.89638894243233
62.61102714705169
62.86703139732655
62.84380328273548
62.684704950775114
62.72974687902827
64.20128223500929
61.72211698902578
63.44139715822437
63.44860074046902
62.752196783590705
62.590061842491544
61.99568378701105
62.20809752835323
62.215765809402846
62.15308026776663
62.19917400241841
61.674370792568126
61.720062774033046
59.55752116223994
59.645391029205555
59.69354271322971
59.86381759689389
59.320580344456076
59.3485581549684
59.29553861372839
58.35827858615519
58.37309635497164
58.4270122222641
58.44176587216813
59.18573555676472
59.23236535956526
58.64327199983847
58.71852376527254
59.134493393611834
59.11385880286942
59.119823520020056
58.79627209581663
58.86675444141032
58.96673611075623
58.99888692258212
59.02226828652538
59.02800749353072
58.266898393124805
58.21534964123162
58.74545985941127
54.873079345558565
54.88817978965316
58.06464851561109
58.041004296424454
57.94303778263426
58.007210244329784
57.977249396961405
57.8251433925021
54.99039759805518
55.004069592751094
55.27416836524398
57.76797812430827
57.752204446317926
55.301140181753034
57.65303481638351
57.56771257523704
55.436465598822736
55.3659313032917
55.47445317049961
57.587809448919536
55.50140861556733
57.461853714843095
57.492680461930675
55.64279425031958
56.504538587117196
56.68369475673675
56.67633210019302
56.24806454341733
56.30353838449971
56.15648382661693
56.40447027026416
56.763968531585334
56.960227574043984
57.03919501600941
57.09419407589345
55.3678580292786
55.608413524732335
55.69759214365754
57.14243117368878
57.37766045201121
57.310112479826195
56.000746922961
57.22755552027504
57.35561520209028
57.11545626746592
56.34656823022253
55.776895387507864
55.79499065397088
55.78505001653673
56.35274311693625
56.80283869586096
56.8018191390311
56.02506387090174
57.337201231399966
57.013413037878
56.04918617270878
56.04750371540533
56.06422264632574
57.52277689148345
56.05461025334548
0.1114753883521152
54.95341648703431
54.904172429373126
54.721903080844356
0.1520115080969749
0.07737959941749892
0.058108312123345475
54.84058308948693
54.69951563411616
54.69855624901363
54.56519580654956
54.50522529414056
54.48211995970794
54.400957760764825
54.33312735670463
54.39907165958853
54.30982227521868
54.32541236841559
53.97490229952088
54.13545064032047
54.157343276955345
54.151598502238436
54.054770024956824
54.03459325518631
54.440300171881006
53.598970446910656
53.54534040416621
53.567054115410166
54.0092290506143
0.02858756054605749
53.59121120234768
53.50736647547329
53.52006873405616
53.34232281130912
53.25169011355163
53.397608598319806
53.28915131835293
53.31164620153253
52.524810736764785
52.60077596127453
53.285746377876116
52.66728092259791
52.73349638471231
52.782808167840166
53.043462352923996
52.956964656887145
52.93101735419666
53.1113772166524
53.105721606635726
52.888471910363364
52.88646059339828
0.008440079347391077
52.312333239619576
52.34693667646218
52.79625596031865
52.287276909045204
52.20265781452348
51.77755864185752
51.86661809075646
52.16700488640501
52.13920930292116
52.09504009736427
52.05860484546989
52.02004208390868
51.95799105290746
51.938832562097794
51.762902670685264
51.36983438080689
51.585079871176475
51.6136915898871
51.63058673720238
51.749026798739656
51.70662880048605
51.102217104618795
51.272341345916296
51.222761854466384
1.6251100043639826e-13
-1.9855596861214822e-13
-1.6245279243151288e-13
-1.349012357849293e-13
-8.313070509440377e-14
-8.896545612430913e-15
3.030769617638917e-14
6.319615799020772e-14
50.81668095683244
50.9698711544866
50.9686849239243
50.8851895192955
51.16126205016171
51.307696117846014
51.215857872455814
51.25437088865319
50.78480753463446
50.6242135376307
50.63618082236873
50.82813514279303
50.76404096948417
50.67631371785428
50.679325609754585
50.66695004537171
50.45793644036229
50.35309242019851
50.322525924128136
50.24200800248701
50.2114462444538
50.30108025256401
50.30325256269418
50.109416223241084
50.132596006983775
50.128723966144996
49.87741591758235
49.841606346342424
49.79182704982062
49.99915681979257
49.97869235404262
50.01741911939359
49.717357467796504
50.079289972197884
44.69114773443053
44.81768460456927
49.56873083338462
49.749801914491314
49.69075478723499
49.65119616202747
49.61319206090352
49.633042716752556
49.04339574834123
49.135760343817154
49.39027856987697
49.334630495824385
49.234229868199925
44.93216948850367
44.954972863288965
44.94983101024445
44.94172922694949
48.7780424564793
48.89122819004592
49.11393525750146
48.88765772527422
48.817272870653035
48.81880445887547
49.18334272577708
49.245500511828524
49.41871704980927
49.39689876025919
49.35653115416875
49.379015347086536
49.32668090636521
49.224896123346475
49.27574279788182
45.049652875672706
45.12406259350138
45.1479378157099
48.59793534900301
48.54956814665761
45.22751292954055
45.215790981656674
48.393735658190046
48.45657028442505
48.33876512341157
48.43980194272187
45.299305003327596
45.2949401886274
45.30954001299198
45.335716644023236
45.33133104684138
48.23487552545444
48.29495699068892
48.30229041193717
48.29907172156522
46.8835806458835
47.038881905564025
46.32092855034018
45.47314388289665
45.562438722954546
45.5783800941174
45.639431567072926
45.628829727220854
45.62035794929687
47.03368970083911
46.14697467045013
48.18589729176101
48.104891572108336
48.17974911956123
47.178350490732534
45.509744406324685
46.687864832062246
46.806844497800036
46.37766494573658
46.432724002838015
45.78528284059475
45.87946377126239
45.92555295164928
46.48936524423348
46.0464232221248
46.222102554638695
46.21799079408425
46.49299491137342
47.1817009530351
45.50718990845248
46.66711460768001
48.131567749095915
48.03870012447868
45.760558768550595
48.01900005536655
47.99584123919692
47.25241635183692
47.60431319696542
46.62518869913413
46.17744377712648
46.02129350129692
45.98824262827775
46.01415230688656
46.64991071367708
47.895910445516755
47.850525097311845
47.724014392511016
47.47655019575549
47.574904643843325
47.49914274111384
47.305337476315394
47.30779494696317
46.586367719107116
47.432071679382666
46.626358965437255
45.76057846615263
47.654723772089895
47.775526912568715
47.95196220781503
47.879113352290844
47.781971926537814
47.73537041189583
47.312788228500416
47.442172424616956
48.13423261860816
48.12698562002524
47.93878622879303
47.660967873027076
47.372804237294716
47.45440139326678
47.41217606453056
43.56735593534665
43.66597505956093
43.682469098675284
43.70390321734846
43.73448553190529
43.71680310639677
43.914015969803835
43.887269445067744
43.999480695229174
44.06887204574202
44.09347116161675
44.10642157048461
44.0594866656779
44.03636184430779
44.14949481706227
44.55661690943246
44.42193559202792
44.442924919317434
44.476545676407056
44.23597225145652
44.26680174941864
44.282606595031545
44.35541534040833
44.24851574080381
44.337270329136096
44.749955335436795
0.3236474267304986
0.22853843537438456
0.21576618232991981
0.037282258584921325
41.45711448499364
42.54271014440974
42.59328465928262
42.65350100456184
42.729721582671814
42.76986160097394
42.77617264057479
42.77313122572003
42.88252361886906
43.00886284699048
42.92515727071276
42.998202517981525
43.05946423136772
43.15462626434404
43.204249675475744
43.0988060418019
43.336073127529865
43.55723686966236
43.40097062369788
43.39257841867952
43.361315310191124
43.36891289349571
43.37503727986206
43.10500597519925
43.09861021067487
0.3665137292938099
0.35494283403186444
0.2188622857232135
0.11536931330425175
0.0972550342758035
41.39985187361033
41.409768431459405
41.42020765808622
41.43768839715634
41.486959611174946
41.51165789395351
41.598099609596204
41.63509597193479
41.69076079872315
41.649514057814734
41.831787455247785
41.89664455146728
41.943027384026145
41.94741220854446
41.97737964651504
42.0095038481807
42.362621736223865
42.434647673964314
42.268480972296075
42.261290506038314
42.17098402584638
42.16283179226717
42.154342133433765
42.04758565976196
42.47634912080293
41.98717611668318
42.541765988583045
40.11202132026777
40.12823893514208
40.1576860868453
40.380728619248345
40.33800579053735
40.311505966382484
40.31668418601735
40.399642631549575
40.479791684599384
40.4700046877031
40.59208929531358
40.6416661025098
40.66258968898359
40.67379401467604
40.704612607155696
40.847864173614674
40.82106295265664
40.76469840656224
40.76073900835651
41.213535587327335
41.26685308623061
40.948565919089056
41.01743477645697
40.83705787603099
41.08505612447316
41.059213736031516
41.05803020105423
41.09036534773666
41.13820616343609
41.5198692581697
41.53143842751208
41.053405150368974
41.40942546105408
0.6152146691333283
0.3875366033316862
0.31449033703767193
0.14164772854109242
0.1376038293764159
0.06825377852395145
38.801515810088354
38.885805122011895
38.902407509092384
38.97389452927653
38.98775317091666
39.02117592861582
39.183704395944254
39.05897028106165
39.2754538373781
39.35104122355254
39.365876850007
39.432295430770516
39.47855319241271
39.11868782749256
39.25048683449443
39.49699458255907
39.993730800912815
40.056473742448894
39.07159689373751
39.886607428089114
39.90757667704897
39.59727354326761
39.599354033283596
39.06961197693321
39.24766250534355
39.605978890175265
39.847727850162755
39.583144177122485
40.14560946835205
39.83012161418357
39.86255321758129
39.82749146504711
39.11728298732215
39.08251849791782
40.175296144000505
40.283508694176405
39.842652031331816
0.25915962313465307
0.2503005232505891
0.13435867213004515
0.09899573638474604
37.72089171805689
37.84364253150692
37.85022778361532
37.927577088169116
37.95924151325268
37.97424450642704
37.99705430483145
38.452561227253106
38.02542296571529
38.042505082800666
38.34362046727268
38.31073336239903
38.30116192397601
38.277989578922245
38.128585420277226
38.154425560353914
38.21624231004608
38.178421995997596
38.082805925468634
38.526515951346965
38.068843990802755
38.085152092803604
38.580470540334176
38.84487399137475
38.84189922035669
38.792725217867414
38.61607376812429
38.646794688310926
38.635698002448876
38.66483470167619
38.60170993275491
38.228441032472354
38.59151632111625
38.755727960642105
38.00245657514839
38.18261369139624
38.719233365244094
38.7207655842834
38.69572555964727
38.67363460476376
38.68560991360896
0.36511883679338486
36.6031512554654
36.64456155070906
36.68314553488437
36.70129493241633
36.68226398237078
36.7270301657952
36.77262432866004
36.78516757656048
36.84577964398556
36.86812082482617
36.90005481735963
37.73769585157293
37.69245497588052
37.49063037204742
37.4465582849954
37.358505110197356
37.340381457828954
37.64863576920683
36.93600803228911
36.94529714243648
37.57183984075779
37.29815445233304
37.18450758608134
37.22021820296315
37.26927531869743
37.13827814933362
37.121166416784874
37.288739061676175
37.58095531256121
37.58088476448777
37.65352884190052
36.999453554127996
37.06378066285287
37.05190505732186
37.46422867063737
37.20348776478791
37.094819467833716
37.00402639209889
36.99161542255083
37.03429076505591
37.03443694931403
37.724488987615594
7.596264543089666e-14
0.28544148738284353
0.3136362113934722
0.26383552472936445
0.21522323054595985
0.12540357037640243
0.07292950545755933
0.024276317459090316
35.49666707507987
35.55208258894565
35.539693758094224
35.583062964565926
35.62368455721677
35.64209635985415
35.56483668272689
35.71275443635603
35.735582699491964
35.77403045439315
35.78091728931093
35.858267907565384
35.81289049718033
36.580666874753476
36.499170575845675
36.48262768778863
36.452802771141286
35.87059835289204
35.90650540114265
36.39124481479244
36.3587525481926
36.35105726474989
36.168040340870554
36.13263284797499
36.0952290672235
36.05798021175771
36.11487239241106
35.94085753359507
35.92339540748393
36.33403075605741
36.3077421780688
36.30494435770144
36.22955328484842
36.40622802740128
36.03240001325927
36.00762647483116
35.94853552022923
36.26680879157776
36.27547263169473
36.325145364628995
36.04038680878882
36.0030294123058
36.00500552531995
0.3534659288977451
0.43334753367354845
0.4358385965104377
0.42977792286289146
0.37462727550637
0.37292856247036343
0.45163223829673227
0.5130158444867808
0.5492073079666279
0.5628291915186644
0.5480388479017719
0.5773875472754825
0.5522274599268127
0.9187263673205537
0.6196643639707022
0.6536705766650338
0.6630371233189893
0.6640251460665524
35.47472814930941
35.19228396024639
35.180195444881114
35.16348977166176
35.36759937729497
35.34247234502385
35.35895880651841
35.26576866331834
35.32310985073462
35.29288366899721
35.3176501475047
35.11424895820909
35.097945114883004
35.306049418397016
34.363043387078434
34.95296712731573
35.070252952747296
35.02717345574222
35.034670109430024
35.04226890259369
35.065311119615224
34.81335325997133
34.874956591996636
34.85609234026432
34.73187910875628
34.41244551278387
34.90321964375192
35.059138578512126
34.389874963858354
34.477278681139786
34.55672796505319
34.4967752591626
34.43321922312478
34.76966869595025
34.5826609342315
34.64420236819069
34.6288700780811
34.591739890155765
34.598999664083856
34.84979387343887
34.76931662574684
0.9091518917034869
0.8560792555324048
0.6653784660832976
0.6887618711620649
0.6928358528740105
0.7094195936123621
0.8417549183375991
0.8214336384830598
0.8191947460022272
0.7254578946571931
0.7776120288173078
0.7784083053952935
0.7292647058233096
0.7516600274769171
0.7342575121021486
0.7430492517807817
0.7384612643661702
34.76464842474035
34.26260234596665
34.29159777271058
34.49954878585839
34.64243221708464
34.63489568846284
33.80180917784647
33.941917087256435
34.054207860245114
34.05970167674117
34.24975278167616
34.210770595567574
34.149087252070615
34.12832139427668
34.09349826150212
34.13879778083869
33.697614355251716
33.74526475401032
34.33520457174163
33.88759113161717
33.989464865366
33.94403366156487
33.95322927090591
34.257385722607964
34.281375376076404
34.28133175275983
33.646427068704966
31.532893442096963
31.560193221638126
31.575491611966218
33.6250038637198
33.61511924509429
33.59672088443588
31.62572135643311
31.63208599070876
31.645209479077014
31.680459023390235
31.697486847139594
31.71692834140934
33.51727792564667
33.48411188052756
33.56904082380201
31.641989834627186
31.77537373438766
33.590946328578916
33.44464591451173
33.07342441897282
33.12252934115282
33.19924555146711
33.1524578185432
33.42499878443075
31.815024935953154
31.839618096103116
31.86213592405594
31.887194972206842
33.580820891912374
33.37886095396932
33.01764282649787
33.05515398377321
32.90041298330073
33.135645577860615
33.333323213355435
33.32337754743334
33.24682611818446
32.949642373595665
33.29267146312725
31.87882222326577
31.903151705489968
32.01347568605859
32.461288495511454
33.41340304612198
32.74960406512454
32.70963844924084
32.052174417849166
32.0658183689525
32.87170894099068
32.84027667687435
32.84861183530695
32.7894971168051
32.634946600099894
32.60027210181514
32.26040928865092
32.23218821740713
32.32280815431473
32.409449401923084
32.38312455242476
32.40226269142446
32.6610413953334
33.35766862649647
32.09958158091526
32.11106105428019
32.45019947085495
33.29571890546722
33.367643820332376
32.823443029169084
32.830525396837714
32.79097233543813
32.212304498296234
32.16716144204901
32.14119296199945
32.62160135101634
32.609390899504824
32.61748995361262
32.5617730715476
33.18896317188538
32.21628170400138
32.18183902489128
32.15475658007203
32.151421525543995
32.16679013022482
0.802617505512364
0.8231477119089671
0.8258826041835142
1.2037954008394784
1.0601732633218748
1.050109996594196
0.9289761534942355
0.887200244950802
0.9047776796535772
31.252101556269196
31.26110781427152
31.28059311349538
31.36285483575419
31.303786467205953
31.330910760941254
31.376714411032747
31.475553955122596
31.5777933010581
1.4554205212247275
1.2928465388841697
1.289160297606347
1.2221843820423572
1.1759142728122172
1.1675934904812162
0.8707604388142142
1.1220317528753787
1.107604979359534
1.1009388955035262
1.030545370655732
0.8985093827278885
0.89793432160278
0.949464357526598
0.9401731899207654
0.9370351333978592
0.9024865174412209
0.9062310691195126
0.9058920990831894
30.915404069539775
30.94712553004572
30.983647589820453
30.993424037601272
31.010070691473796
31.02032510217057
31.183696455932743
31.08861003314287
31.15185288352644
31.177086012088882
31.135587673752102
31.035345777976584
31.03839609442351
1.5659665213622718
1.3051248808290767
1.3525829327694892
1.375364371243938
1.3810702066633906
1.3434197150252003
1.4120341957201166
1.4367386886531712
1.4574576998461977
1.2289309523127008
1.1826842435152671
1.125125161856206
1.425993871113721
1.0506115285235769
0.9198927903537509
0.9341753848310069
1.0396907727532188
1.033141406500379
0.9425129944801173
0.9526210119324257
0.9689646576076233
30.514254861773487
30.549499883053333
30.52721571537082
30.570055395729064
30.604979192426576
30.666294659029667
30.79301439836828
30.85797998286972
30.870080948144995
30.62618102592599
30.657166152469912
30.908243637106715
30.82900430857573
30.366359105685312
30.318270771435042
30.3351871673464
30.35417238565365
30.28589720308421
30.271106533100227
30.242634931661993
30.19087027789221
30.213167985327164
30.142137330485678
30.10489261264357
29.956347645648602
29.979154972597176
30.081473565366032
30.073458368415732
30.010954167104078
1.5720126909667342
1.5745237820771825
1.5945054023385947
1.6005453916283048
1.603354542253359
30.015148095610698
1.0165951022191426
1.8349764847249055
1.8421884217994295
1.7987831675318655
1.613856529204731
1.6511236653492152
1.6291946906966364
1.6350528476273276
0.9624289276936023
1.7057435943852612
1.7837806507127218
1.7771005712325243
0.9660934674938401
0.9599420328653363
30.20398731305689
1.7666420380046075
1.738817895780727
0.9692446701660598
1.7699929184569996
1.731720141137368
1.7428496168271874
1.6388381572546475
0.9742053407310434
0.9703994528930111
0.9831510823969317
0.9787003262094696
0.9775714305180826
0.9770510479997996
0.9848605645549556
0.9941387516815363
0.993479797023746
0.9932176542816739
0.9890569792407778
0.9880071067311929
0.9862083695921776
1.6437250587009773
1.6857869273936237
1.8256926275375915
1.7494767779958198
1.7895341410822363
1.0039841001824883
1.7706890276215208
1.0025303873233273
0.9970215722089922
0.9876430059888235
30.074895469818813
29.76454220276664
29.79117299095489
29.79764940249436
29.891923188963705
29.8621568259937
29.94666220988648
30.032526332159794
29.84605865566245
29.840406551072267
27.567499862231205
29.7422074504382
29.464057739261012
29.64570007598207
29.592823556106485
29.63210586148483
29.612277236087525
29.622482986257882
29.5317982145052
29.884536289501277
29.823520749121492
29.836056663316644
29.493508310993075
29.123492663380055
29.129642373963588
29.21416908963247
29.235237018529073
29.41916176041825
29.325770185886775
29.369749408020503
29.440685543304745
27.68304104418502
29.075707670090154
29.64260116479363
29.253468993240023
29.351746608941923
29.430064702258505
27.718955461561244
27.76843196296961
29.110236877068978
29.265350388932468
29.543562584654406
28.973853512576373
28.946602821131357
29.05427122136201
29.354863503222596
28.871143977952087
28.99548031659751
27.840403521788343
29.54322753950234
28.69607314544576
28.779697092863298
28.843021202780385
28.91521927183779
28.91722954805685
27.8598320909647
27.86187003061278
27.872973669780865
27.879580790386946
28.749595856921015
28.637338968628054
28.667216126209194
28.800099865050687
28.92246541425204
29.281194490508295
27.919556198501546
27.93508868541643
27.971701211350226
28.52139711499771
28.577429554440222
28.633533445160833
28.76000147376258
28.030576527478008
28.2595330804771
28.29867093006999
28.32917665243783
28.351275126116516
28.40140274403279
28.432522483329578
29.435884448226584
28.57713696238722
28.041834765849952
28.234029541083242
28.120604288066392
28.0027679182731
28.386535510734824
28.06899652858625
28.373823162940354
28.883398803156346
28.517946236426134
28.39312129057172
28.43192708037594
28.164932217125795
28.148541888950156
28.150920233684968
28.085384730802932
28.082003009765938
28.231310565120022
28.241861307050797
28.084100961619257
2.2186545648912457
2.185703627976681
2.1398070602119525
2.173762438338896
1.8526190133330138
1.8638558783928663
1.8684943083531138
1.8805531624070433
1.8873417811920195
1.888674810237866
1.8505611500064372
1.8732326967479185
1.8934372132863646
1.8906126539440742
1.8692755640154137
27.35699986165223
27.39884259605592
27.42013257350484
27.648651115089148
27.574606134055944
27.529303335864437
27.53701741585392
27.67820210581565
27.537986869293462
27.43094807998048
27.696139433045786
2.302383607775906
2.2371060946108203
2.24301156181589
2.2402655248087444
2.3030701608036575
2.311667602051157
2.0564349989274624
2.501690816325615
2.50003640430549
2.322751136163469
2.340612544756872
2.361307798615722
2.572184740051194
2.362671909265253
27.287589335012647
27.27518664268105
27.243200233879133
2.0205875744023465
2.463463085648006
2.430139182754621
2.398546511301301
2.4035097086564785
2.4033028934414316
2.456868837247627
2.4404852869524887
27.211104701153985
27.22751159145257
27.14808224889168
27.13972545112051
1.9046019915862633
1.9050515664411491
5.359691501364078e-14
-3.830492043629188e-14
-6.430356912294007e-14
26.62420729932669
27.08285479472879
27.20040957233266
27.198957600227715
1.9185197585022011
1.9269047041684797
1.9087012378656327
26.883574267024077
26.90330024397053
1.9326078786260867
1.936818711200011
26.746705761187123
26.96338243701732
27.00699679567795
27.03374825646877
26.790502930278063
1.9435345874931486e-14
2.5444585126045323
27.195448941724596
26.717677351460004
26.81408024327092
26.82085063659531
26.953509694856972
27.096703483212377
2.439786139942571
1.9793415407226407
1.9512037192907146
1.9469822181325371
1.9553670302289712
1.9686986548891203
1.9721666535222893
1.9576049052519424
2.0093829758055883
1.9717700845664687
1.9670682807523114
1.961244004732545
1.9609128998641414
2.7162226792636357
2.714893128487033
2.708242675965592
2.6735204339366434
2.645462046433202
2.6482893206723226
2.6309173586792483
1.0000000000001104
1.0000000000000229
0.9999999999999954
1.0000000000000062
2.680747060082556
2.664052368317184
2.5935022816169964
2.0046958863992232
2.0027402158740353
1.9806484350698264
2.6331809870907588
2.59049538367127
2.592985736128671
2.592326791667187
1.9611954651881822
0.9999999999999297
26.936811501437084
26.671287815360856
26.6765138252827
26.720884345840325
26.829945683157856
26.770577056603905
26.811510499788454
26.584223323304766
26.461856933327585
26.498087593299893
26.53327187276193
26.55342154316237
26.58202101612827
26.682619039585816
24.90595371796098
24.951705401180163
26.38771774534818
26.421901539538467
26.476873807565
26.550310627183748
25.053457716428696
25.026210860858527
25.00360646871671
25.016431101346683
26.311563846325654
26.362472213460077
26.373666389902773
25.120404316644066
25.151611721497588
26.297447779723996
26.318243139179007
25.20078629021169
25.198415413847975
25.233418418029824
26.159870988980735
26.203915884178368
26.215468601136998
26.253451140995512
26.240216604506905
26.145961491244503
26.258175238929958
25.24541279915573
25.45167398660888
25.402650267145418
25.354058450165155
26.096533681988035
25.276085090514986
25.487314286328438
25.302182530012356
25.26544694512
25.70937790481694
25.6420062551261
26.08781147388811
26.060382277837007
25.66877755939706
25.84697427015828
25.804230625789547
25.82683579690361
25.744617989407065
25.963222810996715
26.033030964595284
26.003664774345413
25.98832213488194
25.69152991393965
25.935203604425496
25.317453730359016
25.30842135186683
25.610830245090156
25.56860352988984
25.56055228211975
26.238764027707255
26.024460261447842
25.577566356538252
25.539964468057974
25.602293865269573
25.83082371749325
25.53164726559087
25.904802337534797
25.91665551796074
25.950028036462182
25.921357897907594
25.914884854706784
25.894080567766725
26.112375170116486
26.10864328410546
26.03948610159216
25.59426073850771
25.545314068323968
25.53337490451176
25.57406805072424
2.7735499669170585
2.7617339303184356
2.7518778875213927
2.8122656873458958
2.7858379756939233
2.7985931046553083
2.817425088867907
2.8262335831053416
2.821770647811542
2.796077407633013
24.673652260474974
24.640237524129365
24.64771519670122
24.641342283024912
24.798664088177905
24.800051047707974
24.869522306305157
24.833068766429946
24.858623286453764
24.746647610965127
24.978728860085134
24.842944823126654
24.740916616768413
24.741379917931187
25.004965320325038
0.9999999999999547
0.9999999999998923
0.9999999999999396
3.5935718986487166
3.1400199939958386
2.84146998325124
3.100484347950873
3.3095321758803484
3.0776312998994118
3.1568724362389085
3.1955150935694916
3.1837408651766275
3.2576332716429217
2.8633765018595883
2.893496456887883
2.878408333424602
2.8746165553972145
3.2556248407089194
3.2771547771551517
3.2097557475225393
2.897583333136801
2.872696080338726
2.8675889784108892
2.908018886780776
2.9251110724014717
3.4671384078942205
3.4212081745494345
3.3015649809974588
3.209035715748064
24.59037195037847
3.380806441101922
3.0424476766087807
24.57477093540313
24.538409106943384
24.53382018604236
24.50157887603816
3.284168146341324
2.9468270890052977
2.9494995533081094
2.954854063433464
1.9999999999999598
2.00000000000002
1.999999999999899
24.248492245928734
24.125496832204426
24.163395346976536
24.4853388009111
2.9590706920367436
24.22012714847072
24.289780080397954
3.381483593609953
2.9526820703848675
2.973681958253924
3.0300074732776983
24.136598525109505
24.14223842860394
24.466332977057565
24.464881269951363
24.383917897054562
24.375784038544232
24.43516459134958
24.44355983219968
24.399359267024654
24.404637228685637
2.9855904935092976
2.963376867870748
2.9683244850967747
24.34803579430917
24.470735482005786
24.426162851974762
24.447617028923922
2.0000000000000018
1.0000000000000153
3.560568728778835
3.5497174647780048
3.4551508551862375
3.4364202217851836
3.4319798322796387
3.5455193850573776
3.527890114897126
3.016108955564331
3.3797813311882505
3.546639572581446
3.4524856187246615
3.0101853459182863
1.9999999999999551
3.0063638937784805
24.30106368640295
24.28615653183264
24.180891095146407
24.1067722608844
24.04986910739602
24.017975015167348
22.33777162535381
22.375327896287104
23.83841697595849
23.899922590888018
24.048565803172856
23.97653123463317
24.00615702082345
24.014896968042244
23.992869196354658
22.470317629465452
23.7803495227894
23.93013016791761
23.905141700849143
23.902929350362164
23.9517110493476
23.953879581203395
22.545768198222323
22.559823083033514
22.589292525354004
23.7746476592452
23.676268842273537
23.60985602286898
23.611632032000532
23.623585312451336
23.711410297660002
23.745788310059122
22.614254257191174
22.616843270971966
23.548673735526215
23.298976485117052
23.69658220333751
23.75681403737256
22.635218823263862
22.712696749497805
22.726624603020202
22.832114764153957
23.944458267572035
23.75827150465552
23.698006108858824
23.146617959902027
23.210636354603256
23.52443003329543
23.251398075826984
23.290170435136435
23.497832829080206
23.453877272490615
23.39699492322048
23.413228325375957
23.38154456999368
23.367684434309712
23.494667662581946
23.008289137113124
22.66857682163491
22.684710931323824
22.808188479752815
22.81539088276152
23.49235982822198
22.667549195300477
23.12481570738849
22.88806661431724
22.96238915033476
22.974796093797092
23.2554490644668
23.430690946813222
23.43657037326429
24.000000000000522
22.817542179819313
23.757278631891232
22.66404223389741
22.684184342294873
23.461555454908176
22.935665544752545
23.266846392500785
23.135757679126524
23.060506808036568
23.05321829198475
23.07699759714122
23.094403194795945
23.090918879218613
23.040040471995983
22.937343559475323
22.97331163132838
23.09285952187319
23.072553403189794
23.080304040503485
3.5903477341584678
3.581279443416458
3.6026562464032343
3.63056815135076
3.67078035360918
3.6358843104035246
1.0000000000000357
3.655307542459546
3.649934301281843
3.699511820656778
3.686428528577433
3.684831680182271
3.649653137773238
1.000000000000024
1.0000000000000828
22.4027665066058
22.507465103112303
22.384316712946795
22.378649559833743
2.000000000000033
3.71489745020986
3.718306235463978
3.693456737962507
3.758629626453914
3.7463963026325433
3.7325802284139122
3.7349847036501673
3.7424607444181563
3.762708596901653
3.7732167550968865
3.7785865540191215
3.772188007228068
3.7995426674008277
3.732336272976358
3.8268830842355577
3.927531529348048
3.8403272466033274
3.840002702214648
3.8640368987340974
3.8617459555080385
3.8583194867593154
3.8862056899898647
3.883532085350224
3.9030732138971276
3.915315306942389
3.9190163078820417
3.878609211912778
3.851816730287025
22.27890907126775
22.269609612059796
22.251013003277833
21.738583143248054
22.231165095616543
21.78869225695339
21.96651169111337
22.004511477622184
21.864283677018186
21.900623062390054
21.91601715550988
22.15340809279688
21.704242704867287
21.721005825993252
21.77724104625603
21.823191604892198
22.265453456277754
22.236079842913266
22.21521193919073
21.91249724455318
22.04054008031806
22.045339913735333
22.126000377792685
22.105233674323188
22.063893378820154
22.12878875043621
22.158806201731583
22.09378357544344
21.88488267732873
21.995067574752753
22.095344676886782
22.09308407780849
20.953096218451808
20.96317425340815
20.997745848815313
21.048244725049038
21.080435258752352
21.07118119638988
21.104531112630905
21.8380602593389
21.13210498315788
21.398429759784754
21.179980135052972
21.17461545474697
21.188092063525122
21.222376444308107
21.31725549847896
21.324473676058503
21.288442941595566
21.275391896047225
21.27192470433
21.480329594003884
21.42203828312158
21.427083822685837
21.461222820089276
21.693947422460244
21.66409038628396
21.654383046125524
3.829268765408264
21.268552638411773
21.621022389067665
21.533640838680608
21.595537096704547
21.328436943263295
21.536560425255573
21.51108144650785
21.641535006794612
21.625000190816777
21.54730907536477
21.630282674629104
4.190019327249363
4.179025879784656
4.171867287124976
4.097300263053872
3.952042751404737
3.9107659015315064
3.9097071579515488
4.200740731512235
4.233478850228254
4.280500352389851
4.252725331645048
4.092581546689798
4.842296765042558
4.824811099658732
4.2923574979526
4.2457021590438995
4.266234333350731
4.261137096375386
21.593464898477517
21.51841016911571
4.80442397127655
4.179392661418623
4.078994926560101
4.337545402565215
4.057340220904729
4.026982160098003
4.024966621153986
4.261972522865444
4.244703995035388
4.0189491780719475
4.3646820004704905
4.294688823944564
21.513236416188224
4.780789465305483
4.392204599349394
4.35661829291745
4.034788225867775
4.41256730599893
4.33742027749108
4.632593933570811
4.760903195538009
4.752606493758522
4.743233921427634
21.643213140527855
4.434712775506821
4.565623214466919
4.734636149564494
4.659564003445439
4.662208126342282
4.725363913885387
4.677473903893737
4.4151036614221795
4.713974501319511
4.685252378429013
4.564754895494392
4.584938199616978
4.548271365206779
4.443658396868408
4.457887422887849
4.482670794577188
4.48568897030584
4.472102054538763
4.4902806922907885
4.477021685727699
4.034532804160126
4.7105232795015874
4.4593888466138285
4.707460600982686
4.705545204153333
4.438358541408975
4.5040179942508125
4.541057733227167
4.529236637882853
4.530189254907913
4.5429207279063695
4.517034449410895
4.517535264511278
2.0000000000000147
4.916373451030137
4.876912311563409
20.749924177564708
20.796606917828456
20.82335310262813
20.854506698084837
20.89683890370075
20.905795331003745
21.013184306949633
20.91097061456089
20.924215458826605
20.927472981660717
4.703422389413055
4.702134101526631
20.9221484359075
1.999999999999932
20.571363162645213
20.60501644949508
20.59238365466086
20.63395399889729
20.71499708785074
20.68302303231862
20.688480090123452
20.698587231565465
20.82600428557793
5.189912460473287
5.181247383153439
5.177329100540306
5.146575977412534
5.1045748371247885
5.0910238734334
5.072949995578102
5.047567969795818
5.066281637464581
5.029454532255043
4.9424528619149
4.932385945867071
4.920011995525511
5.0046252814787815
4.9666334403202335
4.90167101056555
4.8987181725760145
4.887259521981329
4.928566170474562
4.874993058775159
4.874939008515731
4.813472275667407
4.880757170698257
2.000000000000018
2.0000000000000653
20.080741721337198
20.158408035731338
2.999999999999949
3.0000000000000036
3.0000000000001035
20.227060185743074
20.22875191849546
20.54785704912724
20.304318930720665
20.325357431549527
20.41477594380367
20.440598786707547
20.382202344040024
20.49297165442575
20.50620406529367
20.587104257962654
20.50762375171423
20.37707638114411
20.338996244440374
20.44680956698968
3.9937003932317667
20.524089503752656
5.540172833466771
5.509864775559181
5.50416966657105
5.493044833354859
5.305333923528978
5.284898843815149
5.441042709047177
5.343350945023279
5.435721618177352
5.234480748586672
5.2147570860114
5.381628490234489
5.377496621932215
5.255540215507532
5.252159794597975
5.344331779680694
5.2569282264601105
5.028541500675742
5.291456528404118
5.201325695498833
4.993845153590645
4.996237600149414
1.9999999999999585
2.999999999999989
3.000000000000004
5.594641190914767
5.406952886546782
3.000000000000071
5.570290772769156
5.56347621610734
5.577227314807325
4.996594964186072
20.107926014726655
20.002964101054953
19.997393593504732
20.259833722380563
20.252855035428478
20.311677629359068
20.270119050472946
20.286647557179435
20.28204127246913
20.28313814206624
20.284367511367783
19.27122728367877
19.31529700172571
19.31200005516074
19.780822121406896
19.844232803294506
19.877672562164896
20.012505428916974
19.978336949201367
19.98555601177165
19.945224913959386
19.93406482813842
19.331362498801433
19.735861751048937
19.758733306384027
19.7456543135613
19.749173317534986
19.834019539349026
19.37861194878222
19.388249318207595
19.92054408704484
19.822327055232996
19.399004216913713
19.464792842250066
19.477542283814316
19.68015166704793
19.919025318032386
19.823151615185377
19.82064941260265
19.976419962385595
19.434381664799453
19.399998629482564
19.41085623026377
19.485621078711354
19.56780555836037
19.603397039140898
19.5924116298924
19.630189156909697
19.635069612105916
19.520356235607476
19.531980113735923
19.644544388364032
19.434051117096665
19.947546753967163
19.9248044447024
19.620160759201703
19.56113656385904
19.54202233357802
19.532899651135413
19.646577167871374
24.00000000000008
24.000000000000558
5.66470470324708
5.609277719513112
5.579057743710901
5.715818866192396
5.644144720138373
5.697501560268508
5.611691422284829
5.68292156278684
5.631722783155561
5.688146459146794
5.620103812412521
5.627787021944067
19.18923739065022
19.230987512942963
19.247887860659525
19.165511691137418
19.148821058822378
19.260010363224865
19.17302213260202
19.22366694544773
19.30502167153292
2.9999999999999685
3.0000000000000275
3.0000000000000795
6.2022903072812765
6.254468993794693
6.159004053712263
6.093084135054847
6.147438358759217
6.126677324599082
6.029774564622245
5.817226319369381
5.7706625571008905
5.735345116364813
5.721063216380118
5.750329848210546
5.752620346580924
5.801445429325259
5.953305475279311
5.975515062944166
5.720172967421509
5.846290339792868
5.847471427176363
5.787012869156693
5.7847688126073455
5.8567108177273735
5.710417099725526
5.875603806105034
5.902799660935395
5.918088419029066
5.913621640428966
5.87411007703508
5.706915186369277
5.782732113193978
5.921402037081227
5.909819497345783
18.57205364060069
18.596827406918173
18.65772475627509
18.674649344469067
18.763675912461533
18.77118157164496
19.0530816035209
19.07675952926711
19.13311246026402
19.13161974207966
19.039116932962116
19.02721374024177
18.95573703465348
18.81483091290665
18.897496753678187
18.718008058185585
18.740513321944583
18.68866283431263
18.703942037740532
19.153355343585073
19.103106619285043
19.035710925501114
18.953656658488363
18.845061166243582
18.98787769042294
18.885915890960852
18.68259328196568
18.69427756015887
19.102386435041005
19.10566995759863
18.977175602348883
18.929986367948253
18.858911202942082
18.872154742186297
18.852071959896527
18.853124608100554
18.878228139504994
3.0000000000000155
6.008847972148652
5.9645321545080785
5.889137272777631
6.2387960361232
6.264750223339795
6.260791620743207
6.511501201590372
6.313626235814813
6.304872783929834
6.5059215527792755
6.507528471776084
6.481409476484491
6.485368826703532
6.4554625944891315
6.42982661508251
6.445556403294241
6.3582371599402805
6.353507162164478
6.326007410615386
6.333655660353815
6.323125080320552
6.420733008833421
6.366752193614051
6.409311605607208
6.379289102158664
6.382741142697659
17.43470990317992
6.382464568007439
18.837309740908474
18.434000780205288
18.459558364324856
18.47938600720497
18.488754853037193
18.510821525530066
18.525618120325255
18.52928004753323
18.52046002955731
17.627183811905383
18.99999999999988
18.361898081519538
18.420700919730816
18.405858157776585
18.40028142977847
17.6915091966772
18.287576838834443
18.286263174017716
18.326482202557532
18.34097031481955
18.373273066710603
18.39730925894927
17.717472758049194
17.78133941183466
17.740421929859195
17.75412601482727
18.26727296747468
18.2249010933584
18.242461786240973
18.163122819100536
18.076943780771163
17.803698182626505
18.203006675392313
18.21234347314787
17.744799169457433
17.745799935614784
18.18253505879652
18.20581934809551
17.81760259332706
18.35213499325731
18.30948401024316
18.239785405428883
17.83587807507912
18.208378962980046
18.15222064831134
17.921304245631326
17.920501254121984
18.009659703929877
18.107031853630627
18.049386362010864
18.036863039404928
18.12553855473063
18.097287595176645
17.971125131527458
17.870072856844292
17.87692285977563
17.98267959006389
18.063366447504016
18.05528814491122
17.955552689086648
17.88091280017969
18.037339961060095
18.027949686972512
18.035805662745172
17.870998559143285
17.891394773588903
17.89113457768068
24.000000000000092
4.999999999999988
5.000000000000117
6.545636774363615
6.530112838878741
6.572812590534859
3.0000000000000053
6.466434957728027
17.28992417488411
17.288626130614226
17.394691582439712
17.44582161915322
17.47745855682156
17.482804582278366
17.507242753762814
17.519772597955214
17.555764622770834
17.550707694424887
17.594408026037826
17.649759649160895
17.615861792204782
17.606860848282185
17.652897306753996
17.55135626584346
17.769708878835594
17.83611994473495
24.000000000000032
6.59347868692342
6.647898784988026
6.630837924194682
6.619818123236957
6.659383509079267
6.606180800751627
6.568376014509126
6.60769366268583
16.562167354513083
16.905628119494914
16.96198359368355
16.981977496251293
17.144184448331956
17.167971530373787
17.16119493668089
17.067436590099838
17.052819055645088
17.049881432681623
17.05038780058193
17.226370535081333
17.11970998043836
17.105657143696458
17.101666550523507
17.318742890474564
17.33474943062814
17.37466848775462
17.38204930186682
17.356462590029025
17.454911855526667
17.487216897549956
17.468137201619836
18.03510842061808
17.57930623272773
17.593288083639536
17.486546219150778
3.9999999999999694
3.999999999999986
5.000000000000044
5.888162009362966
5.000000000000023
6.760029672029757
6.727813988264533
6.712580759597534
6.67661612361104
6.674419315370894
6.668001234990401
7.096705508433621
6.826915272741357
6.793157131553955
6.790859244592563
6.7644471686895695
6.733516801400585
6.890451101770998
6.868861862514718
6.740552693275203
6.80807445620855
6.673486956860749
6.714493407386532
6.747792578204485
6.814987419701211
6.806401108357629
6.80508876940575
6.737207503215882
16.609804412126852
16.608428434834465
16.66245165511808
16.6726454013809
16.691827205938235
16.685919439033178
16.745109114771147
16.87354193615681
16.800939767103035
16.836427375851883
16.84257718670239
16.9284409039641
16.809438572437926
16.764716994921613
16.947441989154168
16.927075491593214
16.772572338189708
16.679635880892455
17.036583814892868
16.725402677388207
16.982697592389137
16.787068185234375
16.848071797307018
16.76931631457222
17.101716616530766
16.871784858523352
7.346025064946842
7.168447526325576
7.165227422861679
7.131099403646037
7.208966304115102
7.079967610105772
7.061262202077733
7.361277660679833
7.299003008276877
7.271530754283894
7.2323198684082675
7.024023830371458
7.259258502574719
7.284417888770187
7.2871221625428255
6.928413930369394
6.973039995196822
6.963547949140073
6.913629160136433
6.9058111400435
6.858999524666765
6.847532208271448
6.937072927682689
6.877047038523603
7.029599200370327
6.866631920067693
6.942100162883442
6.861504467517814
6.852954628868015
16.58296622837096
17.210707778575944
16.484585826730022
16.506076088539757
16.5027472824847
16.55538216031417
16.028177526029175
16.047627293155216
16.371903011027705
16.338546147146488
16.41744656576075
16.432330762725993
16.393667145996325
16.061145238526542
16.522571041353405
16.06969311065442
16.21948448416881
16.175092286583197
16.17981826065753
16.311175903238777
16.290791655332203
16.304437729519652
16.30415425477213
16.510576813359908
16.44678886422564
16.44409477465836
16.25231435499528
16.282381407728675
16.198844401874013
16.19037898645635
16.122813010158872
16.12531154864386
16.119107426936775
16.088557279980055
16.0876384206532
16.087096999961325
16.392753074474502
16.21739570289027
16.11049952914778
2.9999999999999973
4.000000000000019
4.0000000000000755
4.0000000000000675
5.00000000000001
5.000000000000017
5.999999999999953
7.363381422756595
7.377501476846564
7.349632939031911
7.414476885563563
7.441361047466011
7.421255423828507
7.404121597225809
7.400249099641643
7.427183799186054
15.988785955850572
16.017741235044006
15.944210853558257
16.037567283237042
15.968041619220452
15.979132801400105
15.971336338567541
15.976265585617973
16.312302929426682
3.9999999999999587
3.999999999999993
4.000000000000009
6.000000000000038
6.000000000000009
19.000000000000007
6.959152937486598
7.533684706303333
7.509372906491514
7.548592458712386
7.498115541438378
7.489841170649582
7.48313454881964
7.4590904858529115
7.450998498113863
7.453249616609937
7.5879580159041895
7.609696129610706
7.474993760053535
7.672805640756195
7.471063076010518
7.467866029342683
7.593079219197452
7.593818634951338
7.5914870239174315
7.474188759624212
15.29723257478416
15.315121607407656
15.364347659102423
15.381167499241457
15.413029512824135
15.45570315219835
15.47374071520845
15.999999999999952
15.917472542072822
15.731219027598609
15.698771134950348
15.687686795631866
15.658380458732843
15.653465996209409
15.801490061031426
15.812277512603915
15.426823162183027
15.625633138887101
15.912205039943053
15.836011418883997
15.80746874850241
15.905166007706665
15.766580050715937
15.765552736698087
15.434156596793732
15.532806973037943
15.613455889709687
15.892645128551585
15.88812892773488
15.88511560716498
15.8546571257453
15.858108225709197
15.848600851985898
15.430427902596463
15.953653012388335
15.817636218379175
15.502085116943391
15.606056824698808
15.574927747585988
15.582471824609202
15.546616516763198
15.554133347107829
15.558980449712793
15.585487568913765
15.958500823753997
15.68611635894673
15.69344507122639
15.561191949905089
8.395283332130395
8.383169381627042
8.39131576798005
7.683327449540832
7.66804919814997
7.665318124818771
7.6572325282553
7.629803594152159
7.630571151397115
7.634123226533145
7.6391179872446235
14.805420092369216
8.353020876849103
7.852621922388684
7.696238121610312
7.801197175205828
7.787575640857899
7.790684870768294
8.330860270679175
7.883660646980872
7.724188936270674
7.720167489628076
7.740057093828016
7.79235114025289
7.7973513170395705
14.8791840818059
8.315989279706935
8.318065326150334
7.647285137604458
7.720242356900462
15.160767071208072
15.224121376094292
15.25094336114077
15.280462911998852
15.207066647886727
15.166352301185318
15.192623002443286
7.762007925111413
7.873234716800965
15.32177777471335
7.742458838281924
8.275092931457264
14.915802784954945
15.090764695663399
15.194406095630278
15.32019635132018
7.645248305001042
8.324971897036933
15.17880481573776
15.370552830033432
15.32451068216376
8.256533273742733
7.6434150420750155
7.904284857954778
7.745138801077451
7.745832447458168
15.119785220868986
14.9396279785599
14.941741641515774
7.903002019796054
7.645733430664443
8.21917507091214
8.247269077017794
14.973006587802669
8.184552596930734
15.413419674606546
14.990620137061216
14.967101662756123
7.929863135629377
8.18311373454858
8.228543784203433
15.515248486555395
15.033471357926583
15.017494847728697
15.075052918172968
14.977439515989436
15.05222185647892
14.955280285564719
8.154216341509326
15.058510529561847
7.946924576530199
8.044822761899843
8.081036956718961
8.088865993510195
8.053461478624673
8.109250885655499
8.158126444088373
8.145138833233231
8.144588667134181
15.424120530394537
15.513157268207927
15.063501220893416
15.0552307390927
7.969495905537009
7.952284021366695
8.112217931161915
8.158572417121194
8.061956949012584
7.962784376720783
8.10654186388205
15.555824650232701
15.604360406504828
8.228953245587311
8.060893794537536
7.9474978713643765
7.9632188669619115
1.9999999999999876
4.000000000000051
14.827792224314539
8.517991637323766
8.509434302781814
8.513211203905898
8.489660866077775
8.477101498697401
8.451820636654112
8.427834184909674
8.416027160944063
14.851253713902187
14.853837607099445
14.844067256298393
8.483221682160274
8.397387449337307
8.446168144517742
8.44622415009255
7.982354243337028
7.98390719524236
7.9876851870898955
8.057132214441534
8.056922897833134
6.000000000000025
3.9999999999999605
3.999999999999978
3.999999999999966
5.999999999999994
8.545568423045319
8.560857238645447
8.618252587838326
8.640596395479438
8.630780832774619
8.505400022616925
8.601574771701282
8.697257283459317
8.700069566254335
14.46490623515153
8.715689603621062
8.674585780034123
14.50716856711408
14.737889911023641
14.72043078878163
14.598718527261306
14.676374737331942
14.664557805399888
14.638342744407804
14.62485845587476
14.651667164475032
14.766573401358327
14.779704149490996
14.693586008747056
14.692578205287868
14.552475037706627
14.622984319184884
14.778417748909737
14.750764695204486
14.781340661894992
14.691438344771882
15.000000000000286
14.772170769382388
14.70669446348657
8.75104023634913
8.785934339674734
8.003330961012797
8.80291836141369
8.767577743421759
8.766557905639717
8.774945995045805
8.769935135335047
8.776019813961613
14.617491208969508
14.617713677444556
14.43846157247031
14.558507631617026
14.510785856752658
14.516787645816088
14.537300770745315
14.539608894673803
13.07608855879188
13.119813094294232
13.097474821740626
13.095451218608007
13.094099813790443
14.41485699480187
14.396898283677867
14.390312664415253
14.350467557744162
14.529615439714119
14.344785408824968
14.312558298750377
14.300925030808658
13.201397904284207
13.20725021241993
13.230216237601427
14.210071547789763
14.442504165233283
14.394523620781834
14.190585802371423
14.16586540441665
14.334117161462354
14.26866992881083
14.284304577168673
14.280948065318109
14.272253807636025
14.156071245101698
13.495693244961844
13.26291371704342
13.26770547370184
14.333400915247148
14.278101766820061
14.162602431739723
13.600039150644339
13.27793993862269
13.57380536744262
13.337361417391225
13.340921421924337
13.43013991402678
13.37699626753324
13.480067135820631
13.365081994524928
13.489597942712063
13.458895143139227
13.549509178635471
14.112312719209326
13.550642692853039
13.308505744943007
13.30233463305212
13.423036026046438
13.290900118652388
13.378833717261434
13.426760251224534
13.437014513892581
13.634938005397617
13.654688348690138
13.657761205027755
13.941910962187597
14.069241821713415
13.990147617627208
14.07765831843143
14.073867137634481
14.103860493654919
14.102320511858538
14.051542722817617
14.046788152249857
14.009430515962563
14.027159118435229
14.103018465127224
13.666114098192999
13.784051031856269
13.931252585830045
13.883935244757497
13.986546227155019
13.68334042574942
13.804606369329777
13.777430997243053
13.745060781636514
13.700413088256235
13.9173552173006
13.895209519911708
13.752940096343858
13.91276447339553
14.096204911805739
14.032670437384432
13.993898027639142
13.855658369687028
13.690384674887673
13.754536358505325
13.72207345292011
13.914576683712218
4.000000000000001
6.000000000000062
6.999999999999978
6.000000000000111
12.982703554423958
13.28804150297805
13.864439902634183
13.820571570473788
13.712516226325475
13.694954440091907
7.000000000000075
6.999999999999991
6.999999999999967
8.85417721025795
8.876304417577977
8.88405855258141
8.888299228276326
9.289464091729004
9.19569144312023
9.151780265701014
9.166962893526746
8.8929961275216
8.915251166871005
9.335945820839592
9.158597251076415
9.18504205383369
9.351787559617332
9.267809258161128
9.250986580460022
9.253221267253622
9.228746323023579
9.235896051332018
9.241667861347322
9.2166375758436
9.218547626820719
12.866883183895695
12.913739442708822
12.953121499868923
13.04198055237057
13.030767849710687
12.993013602745357
12.99491400363015
13.014150656038705
13.004406584817701
12.980951809529722
13.298985527580072
13.708682942193725
13.872257390111319
13.863987877457566
13.827315757092034
13.81929615047648
8.921280397163416
8.927267123228697
9.079365959240059
9.060197856554467
9.086952531133162
9.04104822764301
9.028115028275947
9.03403918620443
9.031154626434626
9.354910723098778
9.372024522870245
8.944418056065151
9.529307711222467
9.447415626894417
9.465040587712467
9.416178894490308
9.401132950732592
9.413499882616843
9.519401379589395
9.45617716164222
9.516212118658935
9.49382638722934
9.499840989120086
9.48892977187981
9.017788240233422
9.606897519363486
9.600500990706257
9.573508645816066
9.583980007196834
9.381655381576381
9.389645613638294
11.06684010251489
11.128352665489292
11.11792465139225
11.10809324381775
11.091551837148138
11.073675405565215
11.1737055647395
11.16981518579254
11.156123833894535
11.220694933997866
12.351893713898274
12.858558705457527
12.388815286573834
11.224312020293445
11.237129001913502
12.408100433582426
12.842068079402841
12.650925519190412
12.686807397662864
12.495519046762212
12.679532009840724
12.609736330615915
12.61370139849784
12.618501388095885
12.50411980272118
11.268799118357117
12.511176502303996
12.537151118763918
12.717298228243186
9.388660488305694
11.0516970115485
12.548755901250232
12.621844678764614
12.813862109472009
12.452076593415754
13.86303250825401
13.019551498843727
12.525639210873322
12.433543816221361
12.744350614685606
12.724610843079477
12.728941479410485
12.45584827644656
12.459074947005613
8.952624749178549
8.938853625253119
9.09635808375331
8.960040958327598
8.967011149927039
8.973084967981602
8.979810093230805
9.096460859270026
13.022005961580206
9.62385329177474
9.637584948875743
12.315411327200847
12.787930832601026
12.785764284444403
12.28079376322064
9.641293691011619
9.703386484858353
9.72106194868501
9.728440775078266
12.2795512200374
12.238594724331966
12.780935169740653
12.755859657416124
9.763523732254301
9.6522280344191
9.737241496441223
9.698481882172146
9.702501396610854
9.666096583928253
9.853643008251
9.839150746464863
9.838675429640167
9.875190637894757
9.862563539260185
9.750503072801859
12.460243075093603
9.65386386246347
9.670173456565319
9.744485445018105
11.262396402340388
11.271752168571576
11.27574639300455
11.31731136903667
11.319360997089687
10.503313155402928
10.518191625098499
11.31981071791901
10.974719551807478
10.761473332638808
10.7920329846095
11.010818832799686
10.804404642825748
10.711055509881907
11.703780408701089
11.342058474960062
11.351054308330589
10.955092359432005
10.925198744734798
10.767996834786246
10.740087935717861
10.6581524225527
10.665671859681783
10.68495344187456
10.6903618003835
10.556709566548903
10.946086757478207
10.953395351784328
10.567874420189
10.56711758804836
11.367480732931064
11.555100236498719
11.56116337676464
11.652989604690744
11.642263408315682
11.647938878631724
11.603746465889442
11.607123709388235
10.692793415201244
11.44118492841568
11.467370061167856
10.637072988176717
10.590360978754042
10.596862031773448
10.859148563740304
10.909935186933012
10.998817309789132
10.892299665966922
11.38485756394943
11.617221868377108
11.622320750617394
11.49511878663417
11.519185257166315
11.522851558137035
11.506971716308751
11.509675138043953
10.875806385844594
10.875679371591469
11.433405214981295
11.398555000045096
8.986199777463304
12.532336875942368
12.181415377435641
10.529211305288454
12.777175071083498
12.207259445353719
12.216199768007554
12.767190633936009
12.76998954443819
12.194025518687821
10.621843046077947
12.216596358936606
12.194456388169824
9.096660371732828
8.99585487346557
8.960557030153188
8.973623024241954
8.9819306973693
9.889075151075712
9.91032987255087
9.914608062596992
9.902195144200588
9.893817152740539
12.200817668505833
9.892295040874165
11.879199246167719
12.121274876145268
12.143528297861003
10.16899631032772
10.179529095577632
10.229209688026003
12.130850721516865
12.138616085782209
10.237938606001432
11.847301712624672
10.244669948027056
10.397732062200417
10.476844364639978
10.380808455019398
10.371659429940037
10.365076715026998
10.367624043742438
11.83490355951493
10.337396272170313
10.462923195702436
11.839909941480313
11.743296750525747
11.754959749086536
10.421584995685471
11.750937680652626
11.403018774690215
11.40827362812777
10.83714040331241
10.844335951033615
10.889958425475381
10.612402551137263
10.629880968897375
10.441271286938148
10.451219133882216
12.77592583574783
9.676112929718187
11.37976891513025
11.500410480788123
11.4311120285254
10.843715542254182
10.83747212171714
9.9527160145769
11.63409452708597
12.100062310133833
12.1283212464401
9.981516418188129
10.133861773859616
10.140550167174666
12.013123350970947
12.044657853221723
12.058206769128581
9.959491820189275
9.969314332872866
10.139808254854946
12.038733037790745
11.816288923596444
10.53254605438918
9.960349067108037
10.108514777907846
11.986363587715827
11.920535352434817
12.105125466715183
11.744533856705822
12.040050383627722
11.767672167853776
11.947659546523498
10.48053239139289
10.31455605776001
10.255060239576848
10.2511041137267
10.012265781894282
10.063505305684174
10.079579717457404
10.096856534491087
10.189041443035311
10.447928242845922
10.028624603003685
11.938939626123886
11.780053537630094
11.78724944652496
11.798316644056632
10.29512089303815
10.098534906290123
10.053505128080495
10.032174315652757
10.189137554942867
10.018200846169
10.018598813548238
11.929606850648357
12.078317288160669
12.080261462446522
12.0660237159479
11.96902197613313
11.777582513016544
11.79376844446069
10.279271570342653
11.955073844510416
11.939601433886894
11.97137478565981
12.079734025988925
11.956721145995491
11.795851278610877
10.448206395534891
10.347433215466694
10.310039775851955
10.286491117602896
10.282142650694153
10.283299062383907
13.817085330057035
13.722657753226606
9.486944322920895
12.776346368385392
10.612924457972566
10.044460428471371
10.304339420666084
10.045777672780313
10.052509837879935
10.016769548039523
11.972166336033279
6.000000000000002
7.000000000000012
14.870006869676097
4.000000000000001
4.00000000000001
7.000000000000043
8.000000000000028
7.9999999999999964
8.000000000000048
14.999999999999948
8.000000000000023
8.00000000000007
10.980853604036191
12.311655100056644
13.000000000000083
13.56945827340782
9.000000000000052
9.000000000000036
9.000000000000014
9.000000000000004
14.371004521515578
12.532380891334036
11.000000000000028
11.86790193507889
10.000000000000004
7.999999999999986
8.000000000000028
11.000000000000105
10.000000000000007
10.000000000000028
9.0
5.999999999999983
7.000000000000016
7.000000000000001
7.0000000000000195
7.000000000000012
10.00000000000002
14.999999999999995
15.000000000000016
15.000000000000005
15.000000000000037
8.999999999999993
9.000000000000002
9.000000000000023
8.00000000000001
8.0
7.999999999999996
9.00000000000001
8.999999999999988
8.000000000000005
8.000000000000004
7.999999999999997
0.0
0.0
0.0
0.0
0.0
0.0
0.0
0.0
0.0
0.0
0.0
0.0
0.0
0.0
0.0
0.0
0.0
0.0
0.0
0.0
0.0
0.0
0.0
0.0
0.0
0.0
0.0
0.0
0.0
0.0
0.0
0.0
0.0
0.0
0.0
0.0
0.0
0.0
0.0
0.0
0.0
0.0
0.0
0.0
0.0
0.0
0.0
0.0
0.0
0.0
0.0
0.0
0.0
0.0
0.0
0.0
0.0
0.0
0.0
0.0
0.0
0.0
0.0
0.0
0.0
0.0
0.0
0.0
0.0
0.0
0.0
0.0
0.0
0.0
0.0
0.0
0.0
0.0
0.0
0.0
